GIS/elevationRaster.asc
NCOLS 101 
NROWS 101 
XLLCORNER -50.0366972477064 
YLLCORNER -50.0366972477064 
CELLSIZE 0.990825688073395 
NODATA_value -3.4e+38 
[rows 20 to 39 of 101, columns 46 to 91 of 101]
415.003511843881 438.245292949122 463.804120003333 481.237301791473 471.227664860507 429.623308126344 382.608249598766 359.564526161178 366.663860772994 388.589080899342 407.830947025142 422.209159508434 434.853044586022 442.780521567299 437.091365538127 415.781890398878 384.867919786352 353.660770482895 331.553200079158 331.769283789437 349.132395385355 353.752605877111 323.675472270218 278.459515823332 258.547193572402 286.414308921385 348.823480707142 411.462510063173 447.673002385122 451.945147911675 432.993719422765 408.966235774614 403.866522978096 429.033620980757 461.433823279764 467.502593201461 452.374544466512 450.019940487574 467.245850759381 476.134635398205 454.435512018675 415.453899501814 398.871197679145 428.66131177577 481.571649051652 512.87418450486
453.284288949133 479.02462866934 491.237576009907 495.197199439176 486.126925775679 452.700678607196 403.714051540771 365.584175500505 353.830431802956 363.402154407767 379.693573353796 396.607934142952 411.283417640883 419.181508076208 413.628075066249 393.551309851698 362.943174931493 331.362080357354 312.161662898687 320.535535322438 346.902627694399 357.798008551685 331.75728721342 288.768992200044 269.158808721271 299.97013246604 371.990502364373 444.616576081728 479.038623639354 470.446368161932 440.827556250024 415.927215451877 413.505159085519 434.557802399519 454.774825940534 447.817666325486 426.919615887175 427.605907254758 449.232566432371 455.575186707196 426.47641375792 386.628008683483 377.54222010662 411.115921948748 460.141173646188 492.301864307142
460.913812129506 496.698472094193 506.57407637101 504.949098600475 495.623823716424 463.95353285154 410.141499260786 361.403131514822 339.047940328905 342.795337354846 359.240819348858 380.782898020391 400.780031407082 412.253199927641 407.663034825272 383.670223944858 345.995871713446 313.376838170453 303.345030516665 322.032724988991 352.841392970872 368.011454468166 354.514536539016 330.213490734554 324.632529705629 356.944085855431 421.57268415443 484.150784788005 503.080159791415 472.391963904202 425.875147054754 400.844578947769 409.381830320401 436.473242962927 452.700970106941 440.174453159947 419.585794729727 424.820491833659 447.684884849153 447.237750255024 408.976352571553 369.327774371775 367.248126742783 399.347722376226 438.941311666165 471.561484582315
443.861237766048 490.033648882265 506.216113258191 504.794765761513 490.627230584008 452.821579401621 396.418695986488 352.133477214398 337.21005196932 344.569519212645 360.401518247812 383.633596934496 411.772677263731 434.243237957704 435.249455876369 406.009367435859 357.241670070254 318.363795521722 308.571876635848 325.543794458471 353.633859163911 376.323096633515 385.148438939272 387.685009364783 397.08526433477 421.402042896103 462.086176466253 502.977034833847 509.09965566295 466.97907964969 409.684970043951 382.535569738795 398.288077929598 433.172918523609 453.949599759482 446.089798832868 429.863688835391 433.945422620925 448.94221051396 439.878277720131 400.433942635406 368.361830264052 371.7929030491 397.105205960548 425.02613888765 456.049871972883
426.257815115904 468.371647246715 482.569349789577 477.67985505938 458.857532369852 421.294707017521 376.049126527741 351.148327899808 352.024713459946 361.698114198343 369.4474741788 387.014976488285 421.875532104434 460.287042937052 474.290749545288 448.331351633658 396.226481143336 350.51198380043 329.580691032309 332.806698455885 354.74263192696 386.682335709036 415.21536057556 434.157263810653 445.720168595008 453.567356902611 467.810031241952 490.086972938369 494.70639816334 459.167832796831 405.626246581805 377.733154210675 391.269830811288 424.21908229623 445.451157207395 441.253986529297 426.538632212618 422.526954934981 423.943916311679 411.458838076803 387.660269525873 376.78281905842 385.62280601978 397.770465088625 409.557204701725 432.976658946832
425.377494273065 445.761392164617 442.078981558808 426.457051353143 408.483332776806 387.796304797896 371.624617750981 371.424289082571 377.928729872124 375.216401865742 367.058621742722 377.218061000521 415.73860745314 464.043200572528 489.485126173872 475.994425163888 434.892691759574 389.942107748975 356.998326225082 345.45090213331 361.430115914454 396.863679897981 430.532493914497 448.725952035433 452.280856333661 446.262597223676 444.691903102345 456.802334665066 465.5245254424 446.195034647151 407.752678221879 382.093825581684 385.839100958619 406.598114058008 421.278026732483 416.872417756003 402.334770389057 391.688011873304 384.085999040187 376.119072429164 376.976749027035 390.868806839589 400.592503644099 392.6182022254 383.154251814735 393.838905813707
430.81578939257 429.227134381659 406.491793431808 379.68029457326 364.199611996878 364.595490276048 381.107396456833 402.18675681526 403.137328424064 378.778818964804 356.751639012653 367.483203061675 408.070723949375 450.828921597025 472.722690766572 470.133323458309 448.706003316293 414.600375803458 379.096297913902 361.053504873489 371.429738870298 399.164275459678 422.997536171361 433.188241138101 431.940539404326 421.205594405265 411.629595717751 415.774537101286 427.324463477462 425.151334560469 404.835307494228 382.635293162069 375.501827397588 384.669038214879 396.610248263763 396.400051288014 385.266437054332 372.869008137317 362.752735125468 361.182997583695 379.730921619564 408.182524184972 413.435309013837 385.8519669168 357.546509783063 357.658028516643
419.15365701214 417.220932965964 393.090545488945 360.796947778168 340.279425314211 345.237472633229 376.519050544336 408.075605866726 404.339544181579 369.425417679864 349.011302878904 371.650432815043 413.49005276888 437.615126829315 439.968764872555 439.095733453019 437.508771325296 422.114849422925 395.260613461665 377.75392206691 378.892497810635 387.034703970508 391.683238247839 396.835303448432 403.161413572155 398.79568519717 385.025081724901 381.488471924261 394.711586257332 405.410086538344 397.226378429223 377.400940141575 365.913201709281 373.549729580944 390.754387240158 397.791469666597 388.444450331721 372.730068284576 360.144737904376 361.321019664139 386.826693708153 420.449452735857 423.06329305857 386.881511140277 351.396464175131 349.305169457066
398.306502889223 416.142719752222 407.182416581162 374.913877530677 341.62120986751 331.108261034352 350.997525903747 375.493217590605 370.097730356221 343.471834948616 342.090356185167 382.322585801508 424.40299825185 429.2905777852 409.304937610217 401.745568137889 411.923814218117 415.049377512029 402.053025907778 388.540141353047 380.411101975732 368.046035651391 353.456413401295 355.729335557871 374.552319019313 383.133468172754 371.7414231221 366.074070771583 381.488717859026 397.992934960712 393.345165108947 375.15701556473 365.969517513779 377.046347740774 398.187277933113 408.567030444789 399.010043683974 380.298188971515 364.795926679192 364.371518980181 388.862680759079 422.364923448944 426.246548974236 393.597954667975 363.528034729244 366.153948839736
393.704729707113 432.057510577733 439.858562429071 410.87044118216 366.464831946072 334.390463546513 328.255803353051 332.811058186428 324.466222506391 312.903157866002 332.448355548997 384.229816891519 425.372840916781 422.678738159801 391.838861962984 373.32713481256 380.465336684134 391.054524369528 388.774829214042 382.470690131415 375.690355567764 358.312144274363 335.933460307597 335.541410451231 360.040168841308 378.249891901491 373.375045509663 370.212836752758 386.548611882161 403.930934049895 401.425913473163 388.452583110675 383.345374752854 392.032524452996 407.322776517741 416.965737426026 413.816316357596 403.558248166766 391.320430694056 385.864368928175 399.538498608105 424.140253378193 428.032783451962 405.107524918511 386.126435821245 391.853688338301
407.737437411004 454.231105750022 470.492884677531 446.374308483817 399.891976933501 355.338219340117 327.396986275045 312.418840760135 299.251164041077 296.507723197236 324.107972705921 373.624177603452 411.0246592782 413.243110038183 387.143500467976 361.138635312679 357.027418236263 364.943710724067 367.679045989584 369.598162406562 373.425032593684 366.142190486621 349.887156148608 350.951726460784 375.010949751885 394.423937866416 391.555358144261 386.883989174039 398.157208449464 412.960221276406 416.498031833675 415.559738851238 415.748396180519 415.907688455195 418.807057312945 428.714152544258 441.243253719938 450.218973690871 446.415140906593 433.067814007566 426.613581704412 431.758968678215 430.90256417331 419.921916893372 414.454101151249 419.686071965777
423.992159294208 467.205917555903 483.001057998093 462.152664273141 420.185920822764 376.676859789062 342.661068159911 318.572990543845 301.271266237077 299.067068633349 321.873010205759 359.198566931299 391.952426702376 407.075071775144 398.068532493156 375.406293524867 364.455884937433 366.776926341806 368.684150941008 372.976990379502 382.383502138814 383.232865062 376.346335670636 383.922315978844 409.15322606789 426.891654940886 422.49962894729 413.001620143725 414.566810019274 421.895351404928 428.94228861514 438.43480509494 442.171119865695 434.389413387128 429.568471653467 445.116183634208 473.618969063599 496.741627094082 497.280269715544 476.967672687693 453.596708653042 440.682265859847 434.382155615263 433.521442503942 439.867714522027 443.600762339133
434.39775984701 470.357784973299 481.557532801306 460.41846957007 421.353429463275 384.453367913612 357.703829007462 336.429495974562 318.329202090847 314.141176328146 329.695201647896 355.331112469532 385.618605244549 414.934167601345 425.878611036459 413.169088025845 399.764559910522 394.774976961753 392.262277110468 394.219862612046 400.4644381475 398.622741896964 393.288544477179 404.446499128184 431.334930406723 449.722681346223 448.706480063995 440.795836329172 435.870577549307 432.418699432697 433.19908509364 439.943883931305 439.31746794625 427.653113125244 425.96459982587 451.438999038912 487.503693283509 510.52733537123 507.073550455075 482.95778023194 456.086553889489 440.780980400625 436.066072566965 439.560838471602 448.148197960662 448.464208721792
434.428462286663 467.666998691449 479.28471219398 458.908667797649 418.7029830012 385.689906564453 370.149794394525 358.38455507765 342.715040302951 337.937650908595 350.820822464609 371.018915971063 399.051192028844 433.89480435535 454.95873861029 447.565632762327 428.455236413423 412.988702762403 406.286009140923 408.756370498551 413.602737873422 407.438480621621 397.231467712133 403.068385927561 426.326202540342 447.163139041694 456.155974776304 457.247446307398 451.329663407616 438.755643282997 428.401096694125 423.270752719736 414.870542835268 405.33420768908 412.309528011008 442.310372852499 473.387777449305 486.13248872744 474.818704800112 449.45377460471 429.903034866317 427.755200086355 433.926285297188 437.681333337676 437.487415553861 429.355326385008
422.353117213502 456.839693952119 477.60023348111 466.002234535769 427.138214555752 394.834952480938 386.239477228241 383.34274438532 371.832024979935 367.132849903918 379.263797357155 398.008886508883 421.382138075864 448.437419028736 463.265010529875 450.649650349607 421.814785498867 397.307754357845 390.731006755038 399.539924540716 411.304434904524 410.187503656054 398.504011851006 394.893245569948 410.034427165371 433.412416153994 452.297057354076 458.757934077043 449.467328895697 430.677218794177 414.42219885282 402.963005349606 393.686524856046 391.434149915753 404.776413945304 430.670999553991 449.432436893041 448.980496743801 429.315459848286 404.085091576789 395.5109402435 410.723373487048 430.496578723772 435.16428384366 424.992895091904 406.773615643214
402.341683848808 436.069290113806 470.926257156129 477.416337776221 446.833017746413 412.43274771871 400.394943340071 399.431310780768 392.963938417152 389.031422985471 397.649462762792 413.65846946569 431.765187305776 446.108564948553 446.644769275951 425.152439748557 391.448195239174 366.158320643802 362.82872328445 376.786894938195 396.994381627262 408.543995994284 403.660154100776 394.885397640959 403.444967681398 429.63012825765 453.369568469036 454.953669320181 434.319834001552 408.972503047322 393.274012677526 385.350340281476 382.190458011666 388.235355072898 406.749060637122 429.78453539758 438.828666245774 425.537672662114 397.023565122788 374.225349939398 378.709595342726 408.767089958063 438.053125191324 444.198579944666 428.027353004593 400.909221503302
382.901587264747 411.178040648183 457.985196457839 485.96341311241 470.057606562237 433.677366698984 409.175675356489 400.056215729054 395.348410620719 392.460950589033 395.232634945568 405.294648684237 419.438377507299 426.290509412621 417.859292366962 394.547328624083 367.329951876996 350.691016522608 351.292076014029 364.030442117141 384.446961268191 404.274594403892 408.817933201526 401.497347447974 407.457654010889 434.733808766111 457.970009486281 450.432519072244 417.169368842782 384.876726705512 370.140896239558 367.812522206111 370.784733001702 383.373048129084 409.700027813302 437.588096491452 443.557020318752 420.125553429194 385.018745688654 368.438403488238 387.056500270546 426.629496508746 457.205647009357 460.746047882034 439.675395586936 405.879079517608
378.016338695381 398.689926098033 449.026643309499 492.711760952097 494.800129826804 463.402449853968 426.874629856314 401.327381984468 389.123399939122 383.862871470397 379.778951076373 380.330030900303 389.433539887975 396.95030381707 394.058387243185 381.749679619606 367.81812001267 360.630663176886 363.589039909904 371.772021209399 383.381699182889 398.533117780805 406.129910851321 403.189327655589 409.1302505122 433.511625634381 452.579250316063 440.496847886549 404.17738071619 370.072161178705 353.820024322262 351.907757209292 357.550369606968 374.591773246061 406.76995499061 438.683866695892 444.303049802024 418.066253166996 385.935850352477 381.667530646882 413.064449223752 454.166136610832 475.901107401912 469.301130117869 440.47006891708 401.596031382902
396.552774063786 411.176530229903 456.029760993725 502.708068502492 516.934669982728 494.536178010547 452.794964053598 413.253093812527 390.865746466034 380.019390380435 366.686251394529 354.247132050517 356.966142820874 372.28767739391 387.662913044398 392.97377150321 387.638893278495 381.782608122494 385.903937821199 394.461080869534 398.262846028244 400.727364679544 402.978979686642 402.365324900928 406.96693728543 422.391270607932 433.362031267805 422.989107976269 396.621778471119 369.983049420933 351.587205861464 343.963958458817 349.09805796455 369.145611944092 400.544864183363 427.826461794401 431.69204605541 409.952512492882 389.444945961822 400.740929443402 441.605719225914 477.566731928366 483.638801359476 461.443941712256 422.428096949597 380.084722105431
419.667917116188 433.36091238962 470.517481111942 508.279370353141 520.208660064287 501.47175793813 463.178770354453 425.507206038649 403.972777685863 389.824675769414 365.747030836878 339.598989763602 336.855194762978 362.356885903502 397.181468049442 416.33957025409 411.722492453971 400.32746390662 403.391027481771 415.577334735534 418.005897479479 411.934145635782 409.407655982668 410.776399512319 412.443894028347 414.188773182474 413.198056711647 407.202080743774 398.605612781513 385.808590574489 365.079122512788 346.23499086298 346.106638130657 367.806797604602 397.335033642973 418.482014624179 420.791130242506 404.784792068792 393.882978192524 415.442402354411 461.587083152442 493.247925975928 486.813712255198 449.789937430418 399.766461258193 354.695892320591
