GIS/elevationRaster.asc
NCOLS 101 
NROWS 101 
XLLCORNER -50.0366972477064 
YLLCORNER -50.0366972477064 
CELLSIZE 0.990825688073395 
NODATA_value -3.4e+38 
[rows 60 to 79 of 101, columns 46 to 91 of 101]
392.808087676702 374.980245451443 371.669706244934 397.478666361346 425.390666467569 427.829571069616 407.43887083861 382.36597454278 369.515605538858 376.30392758994 397.460560192318 423.750460282705 449.163945413269 467.478973562354 468.914513993441 447.999054174791 408.532053496368 363.79176105809 333.426377677574 336.170074692 360.343811879875 367.688762496672 343.739687719136 321.882177554127 337.123595443009 386.265115175613 439.047563124214 463.897525168898 443.256711132981 393.634224324552 362.69871635896 381.641684046113 428.746477128927 456.401190171925 445.093002391231 412.867567607225 386.072699328061 375.246626694149 375.452722979385 380.378976999585 387.135261090916 397.02628849923 406.928623845303 409.045022251253 409.294047544447 420.904100470899
400.024589433851 397.196176660548 409.435190286485 442.95254155103 464.901173447033 447.685018924701 403.515884554496 363.921430726314 350.350521528435 364.363656457131 391.07668657692 415.736127851799 434.156944788892 449.174967087088 457.360488600165 449.041559398003 421.104144876018 387.82507059279 370.97357551276 381.565350422908 400.522709823308 397.230364634561 366.90997264787 340.706842672138 348.115585828019 389.004763344924 438.972736515424 467.136339467261 454.247057197917 413.914554345738 385.505514738597 394.870985206772 427.529320540113 449.508826585719 444.088332692482 420.035777665672 397.503869413988 388.620842132871 388.904639659247 388.714278494332 385.375449028509 384.012007501399 387.739427457634 391.16623717549 393.061065432267 400.627433614533
405.662730741844 412.159948574403 429.953968996187 460.16453321607 475.249636808474 450.120948127325 395.311606502698 346.347960504363 330.61585197902 349.726663262732 381.027312713677 400.920668590274 405.944831742238 411.364041679738 423.174535659373 430.58301495789 424.849905031596 414.169477187739 412.598804470915 424.208646660506 431.010376401267 414.711645607777 380.848981957248 354.781677115315 354.216307983146 381.598507452345 424.336444599076 455.716742485758 453.422080422949 426.276077011252 403.094658457727 401.671416615026 417.066009795414 434.650405198426 441.055219154535 428.532372111135 405.306622812067 389.794886994807 387.25207808728 386.48833550073 378.360356258796 367.083852201214 365.694543546904 375.852221482892 385.784091890902 390.023483173919
417.81343089613 425.722057478725 438.059681101443 455.33902602721 462.437651205486 440.470089898408 390.410680215906 338.103274138336 312.946375466659 324.917702248398 353.756861950819 368.614628116377 363.945353885573 364.164957843007 381.846846764842 404.908099678737 421.039290876001 431.914966329562 443.355123533198 456.199691412963 455.427134889701 431.230425683597 398.404018115333 377.892307833563 372.537189455262 382.180132467809 406.955816754536 431.553503969603 435.169344750385 420.419930204203 404.580959419862 398.515052014209 405.310496734247 423.874043685925 441.739794752742 439.268574981341 416.809105905209 397.491518740062 392.243436803283 388.108537155302 374.63407341569 359.563108497571 361.327838045968 382.116652334905 400.652124815216 401.852637647661
430.961333399356 434.571429499505 438.628920634707 443.069369365891 440.886078877439 421.204974006868 380.76451517843 332.950632966328 301.988094491195 304.457294235056 328.30194075589 340.809166691912 334.377729355829 336.430807477403 360.789820250128 392.233554862196 416.318407735243 434.322014831391 451.627239587903 468.167516011653 469.134645052091 448.470566751642 424.838190299506 412.293437650924 401.092583271435 390.076587413619 390.803690606861 400.452902412522 402.620749128584 395.391199625821 388.001486805836 387.606199964123 398.419223437642 419.966473260671 440.066235272507 442.727683493968 430.550868591193 422.598164794516 420.934125906778 408.283040233739 383.150297726903 366.507489809978 377.852545750882 411.076590929525 436.819280722495 435.347884078622
428.938706320827 427.779090837697 429.719194285268 430.475951184537 421.473425210566 398.323957075906 363.898130687761 327.53380397326 305.083405360978 310.302220657294 335.094065927694 348.627130992818 343.083837811524 344.639486518258 366.155627578283 390.873830353589 404.597411493897 413.520684327016 427.558820498937 444.915553201553 450.717909709683 442.903725840869 437.356203776932 436.164403285382 422.204596034581 398.393019616785 383.315331991281 380.631024377995 377.951855395104 372.231876509598 369.52739042291 375.946405648546 392.32838989189 412.524927731209 426.208231306925 431.090371266262 437.933025508488 455.355812738344 467.016460927782 449.245757640398 411.855795352991 390.968513837181 406.990226667995 445.788728635823 474.028942907355 470.619376364957
408.625601750913 411.29855832131 423.114967511443 430.804096626736 419.505010775998 390.354216526402 356.485633894063 331.116351763242 325.235620875079 343.708159330532 374.218073589194 387.820990736715 377.410366080038 367.103666274575 371.830922047526 379.712515509879 378.799951925535 376.872952278167 384.390078346867 397.565714350986 404.584023064955 408.805737722598 421.740195286625 435.678911874503 430.35539162808 411.112220893504 395.809871207547 388.709956663757 380.865669133342 369.990530707403 361.969843430927 365.651882877352 381.959528986965 400.553788320764 409.794448175665 416.067795367679 437.738633440755 477.99996223441 507.716296104329 496.735921527436 455.748532374971 425.78102087271 431.352971041023 461.183584028569 486.117276946855 485.443400150286
381.6141981282 399.04959425533 431.010646363615 451.284492469545 439.729894807214 403.632257960571 364.564088393658 341.884957114402 347.503233823706 378.246787466512 413.554463953455 425.351547577935 407.110566269351 380.774499358058 365.861256362531 360.256582142696 355.265140137817 353.334811490439 358.725194557367 367.110558591742 371.078138816221 376.728803567656 394.965459821249 418.996188410585 428.700279840572 425.236876585158 419.634225546948 414.434087395336 403.161012911113 383.687824293634 363.163175448533 357.603827058322 373.789802309216 398.106224374422 409.869715843039 413.230886395915 432.174671411078 476.152032987206 518.052115578238 523.637799107567 491.372393914762 453.28682690288 438.309053640344 448.495484729355 467.559337809908 476.761211631271
362.441639979057 391.503260877547 439.495955246273 469.906413144126 459.544395043007 420.058665077335 377.796956206036 355.406117678599 365.358143897993 399.492123846447 433.76581593289 443.955680266857 423.989124323158 391.307424271349 367.291314717211 358.53198132243 360.568877450817 368.046912822039 375.27037114629 377.843853434786 373.70920217939 369.726812284882 378.50748571012 400.409750238257 418.409166954299 427.21463495137 430.580641425973 429.660321649126 419.244423899844 395.325819868316 366.427268382544 357.468949161348 381.343314060618 416.828146285615 429.555904360783 418.499061279378 414.373655499267 441.18008451437 485.477175609888 512.121750807129 501.657876931297 468.168541171577 438.406880468963 428.462006774729 439.225761293035 456.475014523634
355.837441895883 377.897163274907 423.375750727721 456.116671231496 452.337343866233 421.78237576574 389.248611776392 374.802402062101 385.954304624066 412.322130501871 436.626163709995 444.557387532654 430.229873686656 402.429815651736 379.768495970013 374.835659970107 387.879681766725 406.449901191749 414.786308269009 408.416435576605 393.473927164133 379.534501395512 377.77246131639 390.964305167992 407.358150433577 418.970309295275 424.242385823527 423.544669515182 414.0249163525 390.802377158837 364.380890050092 365.3151500782 405.547673957955 450.873429475187 457.141061946642 424.028810238443 389.756342929352 391.28912573831 430.876767390835 476.587581797191 495.745333550214 482.652115022678 451.798666579129 425.142665548976 419.51216464733 429.843491284729
351.517056023718 352.989305289864 381.935978952344 413.168882190091 425.016665667847 417.145196503649 403.547465591461 398.16393923923 405.531084794337 418.31443398345 429.18754700715 432.651021244035 424.139955623584 404.879867176482 387.765477136446 387.43451636194 407.916775973861 432.683612465138 439.525063953518 424.471010236314 403.139460363117 389.560682721376 387.51351967193 393.460329280498 401.760442238919 408.03102510885 408.831009692575 403.741833840248 392.505142560443 372.320983242046 357.284464855314 377.342657246329 434.617362207863 481.841560622182 475.495110092301 424.650335179643 373.308879156785 360.595043813049 395.136002296987 450.305496371233 491.601856598263 500.708652086889 476.091457955132 435.626367012072 405.907740694036 395.650394346559
333.622117785881 317.499024564917 332.572379670606 366.409932451273 399.804097520427 417.975254457008 418.270654713744 409.8714016765 405.8281427395 409.723953106239 416.559675317582 417.896325979669 411.312310884186 399.18230104068 389.681599131468 392.938691788427 412.906423878617 434.282198986255 436.046323655054 416.124961117517 396.063458745664 392.132382462602 397.590144308868 399.120756693543 396.710155288129 393.920079512115 389.811370640575 383.341387678444 374.312506135897 361.098488746717 358.945839331877 392.26118708426 453.333073454044 490.733447798342 470.610038061624 415.262494511529 371.080142631636 366.759911102341 402.10129515466 453.0935793428 494.338530462202 509.52828941216 488.927840888611 441.837639659526 395.271918095166 368.917705426849
312.39413924876 287.113713957202 296.906466189766 336.585848383123 386.369324919493 421.013842348663 425.050624088966 404.052712317105 384.870792052422 387.072176495935 401.884538960599 407.138541200052 400.020355671645 392.365347848009 392.65564135671 401.962965674937 418.449220469545 430.722660623715 425.155990747341 402.660654060023 385.440512681424 388.943167328995 399.387052370467 397.313101209154 386.004931218577 375.55070850663 368.700923189701 364.781682571312 363.801837884277 362.494887275241 369.618046900716 401.102346972123 448.074726150674 467.42316907988 437.748277340681 390.820241640691 371.378752261489 392.4755187537 436.175492233849 475.783022107724 497.8264640458 499.910293184136 477.838476531375 436.712326409685 395.898185365325 372.906840283937
313.12740347642 282.68563456449 288.213476515069 326.133199248524 375.708616203536 413.230510315471 419.867116849918 392.450756599832 361.0404931071 359.95513953537 382.938333658125 396.159957224881 390.655056521479 385.762256268629 395.596510345483 415.481676727241 434.276720351785 440.141730100207 426.294731911093 398.327983055458 377.576570567342 377.55035454918 384.765322438657 380.192697182544 366.064247880139 352.72667318233 344.314232916836 341.110333898616 346.277744160596 356.721328404881 371.306526052541 394.710424065051 420.707836066848 421.51444328154 388.607990585546 356.138637358327 362.034423748327 406.908253938849 459.961596967007 491.291011424307 494.131293836602 478.281792663178 451.919352346138 424.886816286994 408.304245339366 404.679795412479
342.827940650838 309.493005108169 304.987301288902 327.567311340906 360.105294025358 391.292112876591 406.447471231154 387.593616151812 351.530120824668 339.957603762291 360.949671432142 382.009523464403 383.754713841423 381.753247872846 395.83650234415 424.112427024532 449.572199312706 454.381117638262 432.170715351547 393.968979608677 363.56525272881 353.508892092347 353.838788195056 348.676194068603 335.375666659191 320.593694088764 310.11335560589 305.706611460202 312.580464819461 331.025777197524 355.589631656229 379.008719171366 391.625421982325 379.334125827617 347.568578567481 327.851295764267 346.216744071071 397.318642878323 450.919141004087 479.691438623018 476.890654295856 452.619175985376 422.789487332702 406.859900826594 414.056089502011 431.326242477123
381.575785593294 347.2684468989 327.273204105808 326.534945688842 336.771079839441 360.210291616497 387.656282163578 387.661995824949 356.672188496658 332.975440174795 342.061976960233 366.608855245433 380.401585652318 384.666486649795 397.588864222779 424.627991808763 451.422514186684 456.41338387915 429.406463510156 383.086860341895 343.984311990947 326.106569984332 323.43267992234 321.189371301671 309.196395714633 291.257304389981 278.374069601877 274.658290917942 282.185568272593 303.393223259491 335.949787729221 365.924826351357 375.786276269285 358.680513514338 330.743197933069 317.887959915792 333.196436416522 371.805251037704 414.72381098188 442.82728786217 446.252160218221 425.558638689851 395.431340383844 382.402678547611 399.514114630705 428.487566533383
409.33410981817 373.344391168006 335.095800731127 312.975335481706 310.119293367139 332.642792567836 370.955990744386 388.572071453423 369.234368550636 340.052539548236 334.14326139737 353.612076605317 376.970687478889 391.252868983554 403.054394401678 420.313497942809 438.762960150205 443.741563719628 423.820502789765 383.817981585878 343.51433104344 320.206421326378 316.853898971924 319.687243312054 310.283796971037 290.498011866154 276.288831315456 273.396062571065 279.425968037999 296.19928497644 325.771662203774 355.258178949603 364.429402028828 348.543319310521 325.360753791736 313.312891749832 317.536427046053 338.27091098596 369.034421534999 398.753778116047 414.898666199075 406.69545912108 380.650978639802 363.284948371686 373.805920651176 401.797563297427
425.898862056844 386.831685173685 333.156086352812 297.385567536 292.577598529511 319.489018985496 362.625338823721 389.101664886814 382.923975463574 358.558742486543 342.584402053049 349.391809045606 373.088212009262 396.536426887359 410.045688582376 414.864561067926 418.644348814153 422.836692463929 420.987963020648 404.205849747644 374.263922511275 347.414698570016 339.895689130926 345.011139732043 341.789417584155 328.342038000093 317.047936852996 311.688808504112 310.97937914122 317.187618980862 331.893111806987 346.299533180674 347.350033766804 333.44366146636 316.346469253742 304.802918413357 301.21854283887 311.926672427799 337.782643503155 371.431544397706 400.171822153159 406.889579415243 387.205759121303 360.64138216911 352.984242337624 370.31657021354
444.267794180742 402.35372220909 341.927511629503 300.340194678446 293.930694182298 317.937124247114 354.902067049867 381.451038568285 387.107244626516 373.787956745387 354.496119597275 348.049372852637 366.042975031179 395.009084180321 411.674656233616 406.423711306073 394.589384224413 393.463747454967 406.765209502417 417.935516403082 409.533522322922 386.705826996814 373.427622440377 376.787361525091 383.423504290577 385.101280025658 380.518907306735 369.658322215892 360.076405365488 356.921359124128 355.363347528138 348.948029929379 337.265806592481 324.928081195326 315.925802239516 308.231907207286 303.342734678175 312.612527041294 339.164313179107 374.657794873013 408.616054707466 425.337908198657 411.920197954721 376.379809567759 347.673296425169 349.075567520036
457.515934333178 416.177757233642 360.457669396805 320.566736932162 308.860407111017 319.913129339136 341.602977272516 361.857259580016 373.812388710028 368.282387638396 348.325191972205 335.606509934229 351.66418059959 384.452722632507 403.651507760718 392.960087932109 368.52609544417 356.04866972743 371.167229100471 399.88097725417 413.343028144069 401.989532890922 388.657892870017 392.28975418653 410.118903940728 427.04835299624 427.38562197285 411.279396991149 397.682752188016 392.816513131703 383.849895180119 366.60711624506 350.958848949499 344.69164962842 345.217474338231 342.76114528041 337.687337977715 343.832035658467 365.408280418109 394.571910716712 425.708953187442 447.267477692592 440.368131044709 401.487360956681 357.420268109137 342.322707707924
