GIS/elevationRaster.asc
NCOLS 101 
NROWS 101 
XLLCORNER -50.0366972477064 
YLLCORNER -50.0366972477064 
CELLSIZE 0.990825688073395 
NODATA_value -3.4e+38 
[rows 40 to 59 of 101, columns 0 to 45 of 101]
470.631434730665 464.878162448865 470.143746146589 473.804951732625 458.250494147773 428.847779966683 401.166494680633 378.546655882939 360.387179936903 352.27984591544 353.487792769602 355.926750332633 362.69088816486 385.668993000029 420.814161883774 447.220913978964 450.667150833257 441.376101458196 438.316754510086 441.299646564206 442.58560322902 444.905622639328 452.466765352444 453.856538476014 432.995322896792 398.704398396188 386.395003033155 404.385631985916 423.229104791269 423.658310973666 419.860013273783 418.698628392566 411.888515947206 394.075387100085 374.312004984188 368.798800241738 381.109135054492 400.17741327623 416.464486194444 429.881449282519 446.584824220471 467.853362365822 477.972541365996 465.676751082181 441.077657544654 422.289402472673
458.948558621793 454.790153415501 465.078156285182 477.014373991429 466.956094235517 434.045147593362 395.990568155801 362.808934170946 339.952253041644 334.024076464326 342.170189703156 350.222812498762 356.503941710072 370.980899582447 394.697255358113 418.417019583551 436.433619381123 446.95086234138 450.688945037202 449.009198247625 448.871561725269 453.616635121502 457.428188899075 447.843473241068 420.417372472757 389.300632975858 380.459856249498 395.260865222955 412.725554108252 424.248280520263 439.7199695957 451.645488335078 444.018615604699 420.731325740061 402.584297441686 402.222979493062 409.207551140644 411.262414882448 415.31945392989 433.915997734797 465.160903415698 495.351881131008 501.770064223477 473.828570063441 427.472730409559 392.975824803862
448.535029663109 440.137202393985 446.474389754035 457.248181313753 447.453512125549 415.822604520043 384.417949571131 362.118623286049 346.629425413975 339.463576142566 342.703804102198 349.17368208422 357.407891074764 368.915881068123 382.209134637956 397.488874466459 418.111831478494 434.995678412303 439.147653873344 436.457964826048 444.057830774152 462.71379755797 475.30444418092 466.381076440631 440.804100160545 415.567122416917 404.256445670856 403.554994236615 406.4569448924 416.735832099136 439.091483758844 456.169660353742 450.128823196679 432.944861777543 428.402763456467 438.81659285751 441.645467549173 426.382300784046 412.675853856346 423.724200863284 455.378669232706 484.308439258106 484.140125112115 447.572891596705 393.398558372677 353.305689519373
437.348156020487 423.53016792983 420.399028316158 423.702618411162 412.944007211634 389.074055787818 375.80618647795 374.170262310587 367.582253229239 353.327296890628 345.693290326744 350.472336262721 366.554972843884 385.535403512468 398.904913348652 406.760159133247 415.009706784391 417.239801003142 411.232238019452 410.361089307051 431.386827677173 466.307571118143 489.547046883148 485.312642934204 463.860887383197 443.613219632341 431.435621405974 423.081114368103 418.371401828251 423.135741426069 435.877381455281 441.49982133022 432.665058759393 426.641354830868 438.289169931358 458.073332537683 460.377366429548 436.947652372004 409.971937288513 408.234648474351 430.905226657981 451.655128260146 445.637746046155 411.190058514602 365.442542064443 330.369343451683
424.711724897733 407.968687251738 399.426950295229 399.552763149045 392.520036680983 378.803489356054 378.960566884681 387.559842386015 380.619632339231 356.789350053282 342.741442094118 352.655723947219 381.046129233422 412.135989962772 433.562335581715 439.671546909469 431.199464789054 409.578735456508 389.376848526146 391.37601881159 422.88148270069 463.087626789701 483.453710685272 474.682304028626 452.273212900719 436.208412998987 432.954952340232 437.900178737515 444.719573872883 448.555170759608 443.419280504646 428.110204316289 412.406758321089 412.968423242738 431.09341544753 452.873060108684 458.448365293975 438.364174290937 407.488737065959 394.413025824062 404.738405117645 416.776226705422 411.309521417407 389.589767969458 362.005925854092 336.833852030557
411.09992722308 392.264131699777 386.734953092815 394.349087378598 398.163088147772 392.219722791169 391.039925399229 391.98728759999 377.301071257196 349.212035367506 337.113617967468 355.908521259089 395.356828595461 435.570698530195 463.670071968183 470.789442225 451.726128487112 412.004343968395 378.195876638145 377.489042645712 410.849595597199 448.817435270508 460.913537832933 443.38458723321 416.276675215139 402.155131868653 410.839894000262 437.352572116231 463.102280512881 468.520666829166 448.164496109824 418.225902848131 399.715285903753 401.200844332291 414.343362980265 430.975297923092 442.183793275145 435.307538529136 411.190917540386 390.578807070135 387.314682514153 393.447546347107 395.730974257812 390.669261613601 380.531957105321 365.74752716747
401.077669939415 379.161003180746 378.864087184905 397.136545437657 413.74561185113 413.016162987632 401.853072027692 387.233418948957 366.422099304855 343.289174942632 338.577039982322 363.581168909523 408.145344886753 450.156678418276 476.173598046816 482.045030586319 462.454743407786 417.986665721178 373.631756239554 362.791153995034 391.146966138699 428.604800513588 440.215346266533 420.373295557095 390.143360924919 374.626211307796 387.428146861305 424.137362574328 458.435198030134 462.815545622711 436.422481410005 406.044549829925 392.97970076757 396.068191549521 404.200747767132 416.60478665446 432.94865285381 439.408317805153 425.145316072544 401.249494339233 389.103664390226 394.908854400875 407.108154058835 413.423103671732 412.69052241747 406.506810892389
390.260981601203 363.798798008372 365.243199538014 388.921241953411 414.069376860213 418.580865098799 402.440023247131 379.986653761601 360.655391096628 347.160102769546 349.352010376078 376.318136000436 420.702054064399 457.675198980224 473.425509658525 474.6799165542 460.646095857693 422.363839524767 375.050469475503 354.929760353358 375.216265682439 410.391557391827 425.068756246437 410.552217590386 384.015157723279 368.664967525566 379.102297267913 411.909893454794 440.564350374109 439.970234034327 415.349360773288 394.16215120029 392.340389927999 404.744749442373 420.752447900644 438.262882653309 456.350501618303 463.618282469702 449.68076498591 424.167183920041 412.164398351936 424.299037399308 446.407717695625 459.687253915232 462.464144248625 459.799589666836
369.727251303354 338.774902074876 341.120878078871 366.797591837096 395.109943332118 404.035287873356 391.357322711745 373.696489604803 363.577281459229 360.030298933504 366.610946333856 393.167050703188 434.030088435765 462.459113031383 467.11849684518 464.108644257875 455.099006602908 424.105169010509 379.349574101121 355.122276571665 365.464962195599 390.45356261975 403.408220683759 397.6814988126 383.074915993776 375.073483839369 385.453054870546 410.739845711102 428.960365213229 424.486300628465 406.979844137418 396.974772818052 405.478476025638 430.708256559292 462.710068528572 489.589605872222 502.451288538667 495.32458142223 469.852244050471 442.420143255194 437.033950185533 459.41051157544 491.401200871934 512.199068201247 518.062214131141 512.625833017882
350.697277427581 318.721174673234 323.453020807512 348.988755316625 373.678625004974 381.264553527367 373.881343638405 368.495669769408 373.205399066778 380.487688480881 389.755294235795 410.814753340421 440.261677739574 457.429765901391 458.113724225851 458.721590978269 455.061557132432 427.676848946121 384.743057085949 357.607211856102 356.628163418589 366.891262708455 374.087267804184 376.790446538208 377.851194594184 381.984469133001 394.786329801762 413.526200496767 425.37187412904 425.286673860812 421.275530576655 421.73515215184 434.029174919445 462.570189867402 499.553870515081 526.314491432584 528.432770718605 504.857131376522 468.051197449979 440.134882646072 441.932711561711 472.388524107636 509.961723042142 535.802721171079 544.347606830978 533.781346912411
356.623022774279 326.115259548734 329.490437321645 348.512609761543 362.68176117248 363.264047525076 359.698682125097 368.694013714336 389.682219083686 406.421998533251 413.420670655799 418.53083191369 425.390434598645 429.692799893274 435.586937229285 450.231803100806 458.491614419636 439.057105803193 400.231018487092 370.253130261497 359.36091609121 358.606178670807 360.605597976528 366.311417953038 375.970588029563 385.896472578213 394.116677943494 401.791648811092 410.522232992791 423.577520892907 440.706444117803 455.321618041009 469.033717500201 488.769914102848 511.615929718661 523.491139272706 514.070042904736 484.785532197105 448.661990928366 425.658562607568 432.19974407579 463.246331936235 496.475789565921 517.278679097058 522.001551852335 506.498373451268
388.116186341302 358.166420384527 352.862666254349 358.344909633015 359.703076632398 353.18698232295 352.257702898308 371.760022065378 403.191297134318 423.62636419973 422.535906479156 405.565211880338 387.768387986457 383.977815449658 401.166007024197 432.645872714019 457.304102655173 455.841664240289 431.268431252425 404.73174835972 390.271321585423 386.343801493562 386.029369535828 388.258716585019 394.003828540263 396.318281860631 388.557518067166 377.93423494983 379.97108270135 403.107271376308 440.545041221838 474.760424520991 497.127968077532 508.021568250206 508.871933438466 499.023930134226 480.479594345915 456.488663235493 433.63345914067 422.422874609111 431.469654336653 455.325404627994 476.182243762807 482.606212146644 474.145478155356 451.872487622138
423.845099180567 396.327960708604 381.180024169977 372.23471100681 363.558712513675 354.066725079298 353.994002681751 372.614187157965 400.228784393141 416.858730088099 409.387258222788 379.240198600298 349.589437987735 347.966327365325 377.116783690362 417.956902619034 453.170893971687 472.008158391513 470.570261665482 457.694407328684 446.509327662038 441.111853215531 437.49726318497 434.61521871638 432.490734503018 421.803328635708 395.889453553756 367.775870908481 359.730039833562 380.889207495884 424.921058926143 473.974343920635 510.206709724779 520.12572189925 503.778962023084 474.12285022808 448.054959158946 432.678039994493 429.001678343619 435.379102791009 448.347573789699 463.251183463864 471.289013749989 462.429356681143 437.941570783058 407.88380559883
441.559248882113 418.305950858732 400.441162925148 386.918603607877 376.761855272067 369.828866495449 369.483195890876 377.923204007506 390.670583470484 399.452838315104 392.459224306159 364.785807213775 338.87821537761 345.81606924347 382.778813486757 422.454025239066 454.800259142042 482.924756278136 502.57482109984 508.698118883687 503.333396214394 491.358850343498 479.227073683699 473.288357804313 469.714787888051 452.396018072837 416.11960477651 379.037990565871 363.74126748158 375.634319413681 411.521833258892 460.675664763668 503.277025531542 514.548266120689 489.051435149591 447.426736627761 417.714910733014 410.497497098281 423.433131286789 445.929398397571 464.687430371644 475.155534265704 476.43747302991 460.071802681394 427.609044902386 394.295906320494
438.723062802256 412.583499741708 396.445189800889 391.695010180822 391.909961418519 392.018597775935 391.098462652025 390.151525130456 391.268423328085 395.605136561028 394.337245691501 378.355420661081 363.037831420028 375.817602549408 412.385124788001 442.615927152676 460.075030575506 481.543577921951 510.926312882743 533.9147521802 536.842287513169 519.844502127212 499.419550494299 491.048362439895 487.899096192924 467.001836238805 424.716532958886 383.539676196378 365.421906077595 372.402998826893 401.197209828315 444.048999468678 482.329635789392 490.309783864212 461.624805155246 418.70518130569 391.959330479905 391.110682111501 410.551208632306 437.493436893769 458.378054699389 468.809593846741 469.134241679106 453.31950248332 424.486788789082 396.985425342334
424.957068544074 386.30697788205 368.757737859522 376.892563977121 393.464213926446 402.244587340979 401.4416473665 398.284636058518 399.882636306837 408.459976193471 415.649329832215 410.728311156218 401.572569511277 410.600529354484 438.697024432908 458.979945053193 461.639829319636 467.953453777921 493.453369144928 525.777274689582 540.739141019253 529.244679449288 508.328875275318 496.235230365128 486.488891837624 457.411249704268 408.591096526124 363.115176112475 343.003195501399 352.690617011837 386.201144128614 429.536981783135 462.453675766529 465.972905523595 438.90904810343 401.89069276531 380.742049570005 382.281228479597 397.941274457322 416.923099123269 433.239065132352 444.345323671246 445.787573818337 433.813619210654 415.608229761836 400.361643724468
407.767588129617 358.886440888561 335.962672097837 348.530065337356 375.704627965866 392.537420703159 395.872976115341 397.680381466022 407.677034084341 425.761689915734 441.211712068843 441.050098908641 428.375353862458 424.126091537008 439.965417128709 457.496035723573 458.126457736115 453.33786671872 466.546345285535 498.020459234437 522.267492873612 521.204184845835 506.086544905981 491.027901975104 470.509481488747 432.565533784805 382.640632149876 338.322479685493 318.242063885911 332.270022827491 373.287357015053 419.536792156967 449.206385787034 451.787306455645 431.399280095636 403.715586093057 388.167539507188 391.090766168875 402.533033427547 412.504000433814 422.25888868134 431.970981698836 431.578033159378 419.299943901302 407.835014989319 400.548110859673
392.430684607213 344.878527301708 316.258934775571 322.046846360679 349.812713333431 374.246744587961 387.20889201227 396.978171798969 413.890332915506 438.505611023056 458.135100697588 456.266145067339 433.849482255478 413.2000543989 417.765559699492 440.328870889695 453.360537758178 449.21042870531 451.366364860077 474.786337652374 499.618129372568 504.417261426824 495.297065910629 479.709454235537 452.132910210423 411.675596454083 369.515999166181 334.736860716258 317.685066309657 330.600012971281 369.542012157638 411.511131237939 435.364746916056 437.525146496432 426.404433053631 412.132423453411 407.929275269099 419.038237934815 433.485166590239 440.7193648735 446.560354552428 452.721957708681 445.21763920582 424.225455789001 408.627790046934 399.347989125967
387.762018656641 349.135260824832 315.518472328988 310.084155921163 335.342324739968 369.727121156833 394.748618751608 408.270490755837 422.145923472367 443.796861346834 461.969459184968 456.228142707836 424.554259702008 389.245446112297 382.645569403106 410.231128306674 441.51293521928 450.600912965124 453.249519856256 471.480903752964 491.743869406408 495.536469245605 488.110153037402 472.312695392351 442.876346812849 405.377131596268 372.471944368044 347.058900622531 332.531246041876 340.235064598809 370.756078945752 403.8415003838 418.23333072039 415.272108078803 410.260443618113 411.451906284177 424.682302525668 448.249213413701 466.973065202631 473.324245073502 477.94494105742 481.052157166524 464.800127814368 431.76677245982 408.455460296547 397.067547574707
390.756577695053 362.096675470238 329.695656085245 321.608273092958 349.669254954022 393.851288502961 424.821321416376 433.05633948822 435.701359773818 449.019742479551 463.204290039936 454.112844440458 416.296095653822 370.650953504165 353.41342847605 380.440519742735 424.299971223313 448.557962014041 458.171891868139 475.266020024081 491.326442954445 492.635977814459 484.727897378428 468.679540001013 439.964150533924 405.220490104629 374.971145844663 351.742892467226 338.496828841893 344.159496243226 369.50689262581 396.58090310663 403.978481182605 395.45856323562 392.156770386528 403.181769976546 427.733122778551 455.875095926823 471.690918168674 474.415339639485 479.106132732862 481.525743081821 459.98147926819 420.554342232623 397.642159977685 394.613388472569
