GIS/elevationRaster.asc
NCOLS 101 
NROWS 101 
XLLCORNER -50.0366972477064 
YLLCORNER -50.0366972477064 
CELLSIZE 0.990825688073395 
NODATA_value -3.4e+38 
[rows 60 to 79 of 101, columns 46 to 91 of 101]
400.546277251949 417.973139127357 439.135305235088 463.210273325913 486.306166000649 498.97798864218 497.165381503479 489.162892596182 476.052957894966 445.57638053992 397.723975950343 355.02312130361 336.171892688918 334.530369426971 334.945498203965 336.058308333678 343.835608263853 356.456507515345 365.400327832876 369.297816498808 375.786789723228 392.964961436386 412.741960751083 420.633514656701 418.503064063115 418.06061085652 421.961635990377 429.831188175701 448.7103382624 473.880384679482 486.743889612425 476.273849143095 450.671029407759 417.774699585005 386.762478653804 367.515778826594 358.104549661473 346.166641873636 334.555299483651 332.972536287605 344.184409564309 360.593869316718 375.845685660169 383.867442707398 381.117599489205 370.404628396748
438.64452935976 440.93613853273 444.30768599534 454.144597910512 467.76414702123 475.939194194425 476.868737508399 479.239168792315 475.15107864501 444.284007025829 391.263826269879 346.280957083076 326.681676377392 326.950722579533 334.862007987466 341.613537696469 347.390834174137 363.272338615562 388.070984825566 407.776087567085 418.182977790348 427.130819931027 430.640626715324 423.384720641284 417.190540372299 424.241565134687 437.145219512047 445.332670293088 455.286168434631 469.725252449002 474.736098752841 460.116614684537 436.609872707995 413.513250420337 394.377875507001 383.816308011404 380.546862072888 373.2027957318 362.181137435333 355.406421297747 355.758603340858 359.17818447282 366.034103655164 371.404444989319 365.065476652743 349.921768412347
464.10377399555 456.549182850423 451.64124206264 454.552123514141 458.158067862982 453.825391006751 449.622409433647 460.384755248495 470.543264746789 447.972084313391 397.221237210104 354.877549731198 340.685266298562 349.933967793835 367.41546382564 372.789509222582 362.828299006043 365.079765885483 393.199963966814 425.995507234322 442.245894531824 443.098369137625 431.375150802519 413.010379755482 406.343729868327 421.832974252792 444.068818204424 454.743994069785 459.272881624106 466.135351815809 466.154291225859 450.057195304195 427.768878168845 409.327103446805 395.950226964566 391.998534927297 400.872137355468 410.487921730819 409.706839289343 399.361015426754 386.266284120848 375.252029580039 373.130929327345 376.34288993678 368.680722650543 349.055622814814
452.949476975237 444.798232903464 444.133910824245 449.771668860852 448.950923800492 433.740488781198 422.796748101977 439.42078345346 464.917395580593 456.957981841976 416.113382183538 381.285326598831 375.763430669251 395.236566130772 419.244272145214 417.806557636939 386.789467940042 365.84557469728 384.125958534896 421.471195560949 442.537354618514 439.840216419253 423.56451597054 405.975665242308 401.580583534505 417.709908463487 441.714801368083 456.580695289181 464.116994898325 470.689072571377 469.444911484626 455.129348049147 437.496144197893 423.568614220388 409.107703718181 400.915415885212 414.921635551024 443.152750935914 459.392406038336 451.719025877524 430.190340416129 409.39836199969 399.82118644128 398.481775213573 387.375526946083 361.786467275347
419.865697876287 414.38595637384 419.402488458069 429.284032608182 430.182914892041 413.567663770504 401.762924364948 423.105635998376 459.979170361788 465.645731655023 435.159782266318 404.873223070111 401.27615688558 423.778813976961 451.168471004669 449.127435868178 410.187125863732 374.851750501838 380.569273807546 412.124342674568 429.627486631387 423.791755513454 411.611170304177 403.56368537644 402.273518148163 413.338950731561 435.731012535188 459.405988056263 478.361007266776 488.139369587534 481.559886521256 463.246527436408 449.929141102467 443.647813869225 429.087073638826 413.281356368177 424.883190124834 462.193117152038 489.559042609768 485.596096834252 461.923919736773 439.288600278641 428.862488547478 425.436900574393 410.708589358461 379.652920824231
403.10320838197 396.393434508826 397.909102776554 404.671720559477 407.710007401846 397.390887369884 391.548041166316 415.443484584493 453.396789200636 462.331915499705 435.129524514918 401.851038202306 389.31979409368 404.457343992538 433.290883759365 443.266661077885 418.121741447971 386.393475636527 384.767943288345 404.56372007488 411.409585153156 401.358689079107 395.459383105599 397.273378030308 397.386029644506 401.962096274741 422.928763320821 457.818131878826 491.487984094445 505.554568641616 490.799340050946 462.791093548056 448.852733388314 448.151704166409 436.694127882155 419.363226871141 427.037229431246 459.764447728257 483.603996413398 478.055387233769 454.510268115763 434.871620628966 430.83667359025 433.476424270433 421.86611565879 392.090295208543
412.717479271469 399.736985184441 390.155956271911 387.176212007528 388.462498256172 385.548765901539 388.5912474901 411.520732053388 439.225047005508 441.301619799318 415.331910524593 380.531760123747 355.369281416151 353.98236034323 378.368017503769 404.899047480719 405.311398429217 386.773439594827 379.848624668331 387.230969314401 386.965683992908 379.168829482672 382.824575073841 393.696780766645 393.363809319427 388.00885390988 400.950982216009 438.715175047781 481.388887401965 500.89107000209 485.167364311887 452.567832188299 434.187411285227 431.121329348421 422.795278603252 413.100821746618 421.997655616911 443.087192100276 451.587075712537 437.954738742455 413.575858085156 396.947122768315 399.546071996711 410.465088709202 406.224181466716 384.658913038833
421.187297968805 404.337496925903 387.103016593508 376.85355299781 374.828653976753 375.94645294296 384.642895402375 402.657218389606 417.051030797969 415.039496337029 400.072960609388 374.766630962632 341.348152082087 318.85390324865 329.492126414595 363.638144701628 384.206896573278 375.782596354791 360.349375738036 355.613541952566 355.596723817277 359.194152623903 376.486131767148 396.537343604634 395.507066746398 377.610436430831 374.414139280312 401.809245311273 441.623862936274 464.837699566499 458.417249199219 433.888726848723 413.875422583753 402.503477775197 393.63087417156 394.783780136011 410.189254435659 421.820415568587 413.540654773297 391.108907530264 369.341816056079 360.113663761742 368.71443916423 382.74775662313 380.378494539291 364.425290668659
398.681541080517 386.892631969934 374.339106132867 368.209864871485 366.75035249888 365.980103576427 370.331532722841 379.981461493061 389.106818246933 397.046915326599 404.338405326965 395.865317128538 361.898456669107 324.838863440766 319.266192535499 347.006884379899 372.314440263901 366.62881613049 341.120786902547 323.053087304938 323.143878946684 339.970135795978 371.665313073142 399.828227940325 398.89331931001 371.652011851718 353.256410161959 365.474053187119 395.163557215813 418.01672363468 422.892450388628 413.188248807785 397.16256343963 378.556447904728 366.352737495298 373.920036812765 394.344493861058 401.607215173606 384.956926384701 361.112743617893 350.102888207509 357.874295706205 377.441122597239 390.881147443472 379.868599260277 355.758306490867
352.145465661228 347.959572005184 349.589136398439 358.167133722344 360.725004775403 351.403972843155 342.70285720363 345.809859272326 361.814177454397 388.555491678092 415.878147096501 420.239934461164 393.108965897953 357.537465858055 345.257971673274 361.53093538782 381.049943861087 374.681705298774 342.373553176376 310.506645045852 303.473955520896 325.947409685619 367.805061784222 401.962108852319 403.230294375106 375.349705747271 352.128726006483 354.736919519004 374.759894409409 394.040273421304 403.487450383702 401.348732853848 386.707275559968 364.19856598581 351.843886680065 362.95775666431 383.917832666136 389.877944244392 376.021215226993 361.256711943141 365.703539326784 392.360027869702 424.785325884975 437.93890595375 414.82134422738 373.374408756185
327.626984211369 324.774393801468 339.207449796344 360.635147072528 362.130138703091 338.74870857767 315.706053885325 316.631390344178 342.332898946767 380.2260116365 412.988153284771 422.432880204333 408.204675005911 388.257728184655 382.409348797648 394.580378048356 410.320538548174 405.228992602467 371.554147248594 329.21969472739 308.726346242603 323.928862486412 366.359553479841 404.543596044417 412.501573813181 394.240669092881 378.476109144233 379.303110608982 390.808588202849 402.454268626988 406.116556910679 396.213023650479 373.580946969732 351.167177069205 348.018962751945 365.472277076642 382.883885098152 384.881672671049 378.6005215921 380.993640049763 402.498276626884 441.109515906151 479.183362389497 491.956223946547 464.639318910796 415.18329842164
353.35726406628 347.879087176654 368.29362303125 391.176325878677 382.544035337982 344.630540040014 310.657979690804 307.319551185547 331.616927861046 364.545001534829 389.394967756679 398.505577944793 397.018185250821 395.014517442681 402.200246655391 421.445932787368 443.348944328884 446.188108384914 418.701423741511 374.186570170875 340.381736757864 337.520764276834 368.41461169386 405.960354191157 421.460239015599 416.611738310988 415.161812347412 421.418046092266 427.114978039545 428.66612082478 420.575313781415 396.588243479104 365.208373637909 347.723280296882 356.378766770171 376.231556847157 382.692567991698 374.448453156459 373.795028135799 394.57673986076 430.953071897376 472.896654385461 508.104952516098 520.515334252151 500.722916561844 462.882282672568
401.094615363526 395.983159689477 417.616035827109 433.643163787215 412.89192831026 366.397180465087 326.074020987392 313.253165713638 325.11547818126 345.790250022997 361.362497863262 368.623477538768 372.948410658482 379.834127348972 395.379002178719 423.222989447492 455.106634618278 470.203028245794 455.788430922432 419.86961300512 382.63199173529 364.814912404985 379.908319302279 409.797386117755 424.830836552762 425.718523930526 436.494151193493 454.96332704288 463.31258651836 457.130817324067 437.868110530362 407.784819310714 379.709724169875 369.653420145029 379.488336498565 390.19263060422 382.758433537739 366.20068279644 368.619536587233 397.786921699884 436.285372118016 471.724191632861 499.258406118965 511.433952945703 504.296589154116 489.165122795891
427.414886786375 422.716663035508 439.493126832885 446.345887973686 419.853016422109 374.792439880846 335.987901420436 317.87336323989 321.629931081752 338.668615324624 355.165697068959 363.513411995094 365.934519971226 369.303822684927 381.641928162145 407.215799160942 438.799305165851 459.815803918207 458.793627189504 438.967400547779 411.070605054395 391.028380759373 395.955389414268 416.069471658912 424.161392577459 421.536294587721 435.946839984755 465.208058251684 480.664272037941 469.899915395676 443.705192452302 419.610834347021 407.269197418333 403.134166109126 401.815493990045 399.040671941724 389.287176620572 379.008871375476 384.667736159646 406.392811379171 429.348464669043 449.551658091075 467.929505118094 479.706361408044 482.549842408933 484.727121855795
421.348838918455 409.985405536356 414.694046422453 414.953287185884 392.857596879913 358.401960931682 328.843710300616 315.839305457206 324.537061113485 350.198712820112 376.463085799829 389.519360463327 388.81338764439 384.67713439511 387.258563842178 399.657424007568 417.257126838412 432.459764626604 438.146322614162 432.586350293793 416.677313610432 400.065584076391 399.349793983071 411.432339653147 413.902304705437 407.255391366048 419.092425900606 449.946105838704 467.552583184277 453.410030566853 425.401346920844 412.892650757595 418.772340613265 419.277503843378 406.668737318083 397.068867522603 398.375519068468 406.270727790183 416.583844938274 422.326252084378 420.767256309984 422.020300570021 431.707113779596 444.890070643808 455.309554734593 462.650152859698
396.036350783421 375.652616777378 369.244544838253 368.337684486836 357.052060910764 337.364551981152 321.120644852128 319.807568734668 339.437503936471 373.781719908062 404.896672586 420.129002055449 419.914142861401 414.000900241023 410.309930334636 411.395018347233 416.737705759761 425.432313522347 431.302641658821 427.393397546861 411.402925210347 393.589679016477 388.649434674672 394.754921436644 394.787425220063 388.552477014552 397.153073603452 421.454087902779 434.979057644602 420.816099200743 397.34051440596 394.856195580234 412.137762540305 417.54686393334 402.437139656705 391.469650814212 401.129753583724 423.220227994454 438.787547590898 432.714848107285 410.639314136954 394.44008618305 395.44295647662 410.859008170702 428.39167869954 435.756981274206
362.845944639897 345.653344155547 339.586726696206 340.359972298288 336.226598372706 328.338026755261 326.6836033772 339.052472189239 366.067899946127 398.051479246712 421.075067844683 432.185741121719 435.308918376828 434.156489606892 431.409170424894 432.549807516916 441.253180998714 454.073905744839 457.041613822008 438.955721875053 406.308964356196 381.075947010208 374.912456688874 379.345611993786 381.429387184916 381.57473036217 389.143137815283 401.836745240554 406.157816546099 394.900488150238 381.561491201524 387.418372188473 409.526495043724 419.843919833471 407.931892827809 393.958181632107 398.95527554322 422.001253164139 440.028800797108 429.63446294742 396.698408921293 369.497272623181 363.888550779366 379.859348224276 402.16429348397 412.09941238342
328.277816150023 326.940976901542 330.195172166717 331.042157342004 326.102661858244 324.532595534167 337.369148627628 363.617094825634 393.554461819496 416.37114616126 426.763151600928 430.745040846858 434.871894896898 438.75035735329 442.364440183979 453.679035254443 476.625339995385 498.538391513027 495.354027147946 455.30828623939 399.480449174411 365.10342309255 360.971296948614 369.514344713758 380.566574490495 394.504344159838 405.986696566639 406.173577528152 395.605116534132 383.057965595819 380.200934716074 396.096126627987 422.984164507805 438.236040259728 429.592504867869 409.700616589065 401.080784701101 411.735026062125 422.006751947517 407.324628858083 372.515158834225 346.699894733357 343.926548649869 361.664789376088 385.809245995206 401.353114146076
298.664682778962 310.553357897372 323.612341448023 326.640808683807 321.52884937912 324.774522844257 348.026447192465 380.93300424668 407.132148891743 421.052217645142 424.773063808587 423.314321859356 423.687863916518 429.216168516531 441.729166263953 466.395347070915 501.220857555406 524.853713263868 511.436664739417 455.769809505938 388.870978540939 352.481323119715 351.080629566703 363.543981621572 383.676207285397 411.92606800972 431.634198835618 425.93186383215 401.327209027274 380.41614567804 380.757185223224 405.422241958524 439.679484194639 461.662535111494 456.88916748394 432.511922175046 408.651596048609 396.53722750316 384.834636556996 359.370110506084 328.535942779424 316.716896642154 329.166696923713 356.254869460471 385.9786381061 409.496082588912
279.957338177028 292.919648032451 312.325808283523 324.781553929054 328.411539424239 339.053952983092 366.055705889241 392.366715792196 403.833853933233 407.275291128501 409.868976192681 407.405459328656 403.108884398988 406.328636762019 424.148219351968 458.189665488224 498.050500052093 516.202448054454 492.637408346574 435.179693390659 379.10349696628 355.747673303384 359.282780016631 370.613496295391 390.61144241488 422.744772902024 447.078033297984 441.552097467781 410.433041740633 380.99589981853 377.780974762311 406.195655478922 448.062634514833 477.855272403719 477.07812918486 449.544980943656 411.715864305337 374.736342110719 337.412174046603 301.001920754814 279.839679825187 288.699427797552 320.723395696874 361.408947544003 401.460959108669 433.086049508076
