GIS/elevationRaster.asc
NCOLS 101 
NROWS 101 
XLLCORNER -50.0366972477064 
YLLCORNER -50.0366972477064 
CELLSIZE 0.990825688073395 
NODATA_value -3.4e+38 
[rows 0 to 19 of 101, columns 0 to 45 of 101]
366.021741376608020 342.727506918965 320.353370370312 303.824093350427 299.50149274729 306.153588313447 328.414708941515 374.247582269891 432.59388493283 470.605828779065 470.852682381963 442.715514285473 409.859638165884 395.330389850328 414.273473894923 456.731864753981 494.044490835679 504.165962108931 487.856247631016 454.471714931509 420.472228892641 403.018247694601 409.740419280399 425.252898517539 429.225770943696 416.790354285423 404.888256319592 405.540197303191 411.229013688274 415.615169209878 424.779871935902 439.308292546248 447.30414033631 437.052296559416 407.985366690888 373.760189561571 352.951710962392 348.801044385779 351.02433175134 354.174941586504 358.961490813291 367.374856350021 377.490411266069 380.415680449201 378.118084015252 390.594408420594
383.593468999136 354.062458223953 321.151999513138 296.566825507527 289.384258818851 303.001640448226 341.913924030859 404.149267133498 467.917572861476 500.039649929783 489.951817391026 452.297784635892 410.82454395542 389.390211672251 405.022291391865 448.031614735999 486.455266271788 492.603160085657 468.90410374957 434.319422883423 406.912372098296 395.385175351295 404.38794233237 426.40987242966 444.714949221379 443.400086474091 425.447359367591 407.030169501737 399.385375699728 406.730917601177 427.547139824647 448.155273072378 450.278271954603 429.451780238136 398.752922709452 376.40420340511 368.873758849503 369.551324860548 372.465308733497 376.769477793219 379.402696730512 379.576182628069 377.896894628858 369.432045049403 359.240891272741 366.244179029593
403.608711941359 377.402939989749 350.337431530734 328.370544884784 318.341848271177 331.12512744917 372.575588421384 432.591030276473 483.958227775065 499.060109325484 476.373631259049 434.219069304869 392.296134184735 370.326501699579 382.669701697934 420.508983011824 454.860846123997 459.112865867372 434.458632936487 402.589920363149 383.134236025916 381.835749716706 396.756991054008 419.06775529331 435.439377690147 430.676795363768 402.34108335533 369.448300258404 357.987792912264 380.401093000572 424.428168626066 459.097882458736 459.065590262935 427.433693963953 391.192952845992 374.878822543056 377.48735598106 384.891699286129 393.00477626656 402.14390776353 407.066222767446 406.777188704641 402.107116060085 386.575871460332 365.17100336694 357.934749462185
406.103775130298 391.826794465052 384.609695947521 373.770427176152 360.997986245552 367.810340240132 402.595156551369 447.743745789856 474.215003766683 464.786708829621 430.573357539175 393.78397996483 365.75757912384 353.748710022071 362.088063161655 383.573830621779 403.758733390219 409.388759578689 397.099565625971 378.450760912074 371.113236082521 383.436077645357 405.829734216956 420.602107133564 418.648837207446 397.935551150385 359.172069434493 318.666044197494 306.787773795304 341.322254784926 403.117667583276 449.717511613906 452.312381881634 418.313116737763 381.18074477856 370.742850791156 384.428726169838 400.712791435459 411.953031747147 420.851418940013 425.023175855794 424.137257287461 419.085305452844 402.960418116905 377.629741980077 360.890620539189
380.560349868037 380.544458235562 394.312224882974 393.947619386912 378.659721858048 381.328132183452 411.195366098818 441.540806971131 443.050963902177 411.31724818352 371.365476156626 349.317603270792 346.479697907117 352.116058274201 356.892370941414 356.899213982629 358.047907878104 365.801428664193 371.577311658093 370.80073620341 375.861317015799 398.395140375826 424.009240252538 427.630793152125 405.680709422914 372.274681059671 332.705639460637 293.783238306199 279.55164135095 311.603796675836 373.931959154765 424.117483962631 433.149033491888 407.264313740102 378.743405406306 379.036788861446 405.016042775949 427.807291962626 434.150506548993 431.619632746587 425.317169597484 417.484978064715 411.124710474205 401.881835919921 386.869081067695 375.473035082627
339.429138604485 346.73704481541 369.992904906307 373.935567563501 358.413059400151 363.346608982029 397.908235840053 426.988743913391 418.216280896336 374.369677072817 330.348575423768 317.870131997896 334.406905191839 355.97369023337 362.287459165771 350.997010241625 339.788195152702 345.660116839904 358.975056517239 366.767576278227 377.828916494151 404.478803165185 430.70891969709 428.700756153811 399.163569887991 367.137731704675 339.249663068476 308.710563219835 288.107925814811 303.819239475898 353.099062899007 402.26527971319 420.703279609333 408.307723681611 394.234167773911 408.17043984779 443.404517778271 467.072991635392 464.182246710252 444.778796703728 419.904050145796 398.035515845486 388.246438642817 388.678158779099 389.998555415005 390.181094610715
310.538002155347 316.205255702529 336.816298941429 342.119416263818 329.799247983638 337.084523512112 376.598281834129 414.199070161052 412.252481526583 369.250083427029 320.854240643232 305.157125326361 325.473857441591 355.378206328145 368.718382556248 360.821102126875 348.665953833652 350.589045299294 360.765863474403 367.438538382364 377.621077888931 402.569079185578 428.348071874536 428.27390743365 404.07162242295 383.375266227063 370.71326517273 347.717254151286 317.456178710961 311.549622908408 343.53870815277 390.630296198331 418.512617783057 419.033844015699 418.71902813405 444.227577891886 484.343901475679 506.87749647475 498.843624863798 467.283778044257 423.743542218288 384.210703575755 365.635460458322 368.197574732258 377.643812772622 382.734715392585
313.583436832033 317.106474453902 333.741627013556 342.559767116727 333.581004184763 332.721066465957 360.005852508439 395.94262838583 404.468631668 374.336207130368 330.929957493658 312.285581422901 330.629536969183 363.869377282733 383.818601093975 384.030775858933 377.923197098213 379.940669214988 387.062794875607 389.474389874526 391.735691737091 405.980346159249 425.335721299711 427.857509438833 413.715900478799 405.877318700222 404.461990506915 385.851844091288 348.760825232885 326.797895179682 343.311676250402 383.800498790038 413.756625237357 421.738726818354 430.53447236679 461.947670933173 502.686192851866 524.663666077904 517.340652536738 483.479791945772 432.467551712225 382.704812409419 353.716761362125 348.426410748829 354.085128044885 355.411681583792
346.932907309811 353.375096769351 371.106093890109 383.553976085693 373.019220686617 354.47142181081 354.420260128624 373.019338330912 385.957810439511 375.905436997317 351.274032104522 340.167858978963 358.855756971219 390.978197055488 410.71715086513 414.328423043594 414.774283950044 421.544398959339 429.606129652926 427.559613139349 417.538839200022 414.426540430472 419.39553822572 417.99451096622 410.624819144705 414.192329783987 423.334343591309 412.371582648465 376.684727605458 346.918566278308 350.08527051443 379.807752658159 406.599015849081 418.278872535886 429.501303482832 455.195454904503 485.03267313971 500.008973049747 494.123318380347 469.543940042234 431.360768908414 389.744992481584 358.529144601001 344.46590644704 341.870361878066 335.965979083811
388.301153068414 396.742714823998 416.772656537071 428.963382365757 412.474339288332 379.051835832163 358.29654905505 362.401724511707 378.48106456816 386.477446363753 379.947107419127 375.195181591037 388.256365743715 410.216789478896 424.052720740764 429.611620534867 436.890726321265 450.259694861221 461.000242993875 455.163768491163 434.629659159594 417.603646156594 408.973500080611 399.18797968629 391.189990754869 400.281396879852 418.629997623374 419.244990086594 391.48584392974 359.068906321772 351.670166391805 374.458439209474 404.041097017816 422.37947147386 431.249834176587 439.289874426401 444.149235410862 441.762839417677 435.637168010596 430.152898686492 421.11003198392 402.260164823888 378.804512344787 361.227265186935 350.438915816453 335.767771698572
404.794268265281 411.660247062319 432.526726320699 443.046458852573 423.573753631921 387.569578466535 364.692709351949 368.626235686581 388.720758635638 402.706470926209 398.985233393362 389.224410196224 388.486880459137 395.88015980315 405.618512598845 417.368162317948 433.439732222278 454.87830932139 471.846409209774 467.67258360095 443.505399460228 420.415995221091 404.006036336266 385.055954983724 369.040689316181 374.214090962636 394.450062044661 402.838180783064 383.342366805082 352.018272552585 339.905789316093 363.89222869302 405.176214410514 435.153179211834 441.882975927044 429.667776410885 405.703889690246 383.121149899087 377.396413629615 393.867265326546 416.628606920658 423.931827357028 413.064232267822 394.466268119218 372.591157691548 345.914384337871
392.637896469762 397.615228219199 417.047144656217 426.502912601091 410.362895596789 382.234619202314 367.907496079238 376.043368741392 393.0145832949 398.572988197716 386.478069511364 370.038156190877 362.758783177303 366.450836291617 379.169416493612 397.362329382947 418.751717091694 445.571590762286 470.745439386988 475.799798346894 457.13679747088 433.551289212802 410.822736448868 381.569778878541 354.915031132514 352.019792173511 368.409204914631 378.541562476599 365.298916288098 338.599486430219 326.62075298574 352.607178876739 402.710619739602 441.913299760735 449.36456712837 426.073413159342 385.715113613395 354.132134424793 354.543342007981 388.702269405747 432.788527225042 458.350422600143 456.614274587607 433.770545465086 397.188830670853 357.584547941086
380.40595199332 381.312461720892 393.690812991076 400.778017178611 392.263116468049 377.288881621288 372.519062792776 378.79046441162 382.161962944987 372.690946495092 355.016750088748 342.812851515821 344.392874572955 356.97448550038 374.349345853617 391.624029439814 409.156054834796 433.032570282111 461.753927235109 479.24290650483 473.895445515836 452.935941393056 421.590018253881 382.502175768446 351.719584249241 347.822831174109 363.621451009664 375.382757580648 367.328911290775 344.532768810213 330.592737272773 350.045308640212 394.881727596227 432.174415111813 439.758111086346 416.578591297233 378.340204130145 354.90734046953 368.706496070924 413.311358598791 462.671934988074 491.301547920799 489.641633499254 461.067615658219 415.611938884295 370.411243387462
386.312782831431 378.456538676897 379.357072493473 383.585160824945 385.208562729953 384.825279913962 386.859974890123 386.258929217866 374.567397085848 355.928334701065 342.888199192084 342.839868173714 355.421951849298 373.283273091717 388.544196194205 399.539970554258 409.881720994804 425.507633056442 449.237928211297 471.960772542524 477.53049920195 460.07857318332 424.013646065267 384.281396335767 361.509972617655 365.176789249585 383.940045524511 399.092888480273 397.273985182878 378.102181409989 359.430947569887 363.435860334293 388.36970587546 410.746127128673 412.782521959371 392.281169752888 364.417926943234 356.669237904063 384.753435692815 433.770271630401 478.360205506925 499.483143754913 492.580103994638 463.195204897412 421.511245487928 380.611930726566
397.380264245924 382.15518812534 375.599350552445 380.408179324543 392.839741473925 404.058555441408 408.02268240618 399.731043483169 379.66235084324 362.207462636874 360.718367890679 371.072910771152 383.374043365882 392.424138795388 398.573636048807 406.270897445214 416.618499106038 427.947239827298 442.31641472844 458.724546839638 465.563266110707 452.584558613926 422.725626445908 394.039758060276 384.307100237321 393.470572577248 410.08742741769 425.363021470743 431.079219073563 419.85076241336 399.362544088375 386.571685438856 387.755991571206 392.369102979126 386.835396793063 365.317723495627 340.68515661205 338.694062559358 372.056143277187 422.843600497134 464.706127282528 480.686092193845 471.823719776239 448.148146400544 417.97693707904 386.073100950116
401.21507383829 381.95657964716 372.900193164845 380.973687106189 402.785050117016 421.698984350645 424.215037171315 408.463348141862 384.227304297376 372.355076666394 383.335122015069 401.173799918753 406.613324205199 399.405862447662 392.993309839436 399.433666148601 416.203734964952 431.699227100325 441.963411637575 450.06755096522 454.704638829314 449.569521443089 433.74388731148 417.373899730126 411.995398059772 415.213786801479 420.701696581972 429.581935142888 439.967759556639 438.523580967511 421.140160341926 399.46046883609 388.338959314562 387.405350311226 382.651734386218 360.673010593249 329.850771618482 318.915826294376 347.10384255131 398.830156459302 442.058373929173 457.006417710822 449.581457749693 434.239828956603 417.047576208913 396.036950338157
399.275880158159 377.786983474988 367.505168897873 379.011667131389 408.735395186472 433.943869133419 434.2107840968 408.472107502826 376.551365347856 368.146173380588 391.298339839329 419.771517319169 425.230393732245 407.404368418949 387.250191772118 385.078861619227 402.880163415238 425.625585763697 440.984105604899 449.115397146647 456.366001594321 460.894778131044 455.979000978125 442.456279093175 429.720598839172 420.182996079788 413.330876051125 413.997803948519 423.051559237885 425.845217467917 413.391230969618 395.016520220952 388.906763585431 396.566098771305 400.809219747971 383.134413104961 347.88077109487 326.555869248405 346.606829587189 395.159841956277 433.719346668823 441.865446682465 433.458269579915 427.167429915616 424.512737583245 416.551630102975
391.049525259252 373.1217526836 365.736958496766 381.058745653494 415.830327061576 444.644274135679 441.635794778042 403.902789095304 361.365593595256 354.811503407052 389.531428891973 431.035472293601 446.103368751996 430.936795194642 403.134231175334 385.54330009316 391.354936375987 413.144941193597 434.726555301668 449.675852062735 463.147937000607 472.2122799349 467.042115441665 447.769693027375 426.457730938247 410.228159717223 400.245940880783 398.02325183087 402.302668272842 403.252378479471 396.998627772796 391.601700263352 397.983160750198 412.110753639443 419.172973258423 406.946685947916 377.820177363876 356.950227142072 370.805110881105 407.985977458498 430.230214983033 423.95186177566 414.180953211514 420.759506845028 434.970345347912 439.038281275489
373.243450318035 366.648206178486 369.289376498796 389.758968790912 425.25754351454 452.159198348796 444.041309639478 398.257157242427 350.715268726573 346.49515279013 386.789784050397 434.870858747667 460.721408143937 459.221145533813 436.95724304815 407.846484097649 392.832332432245 400.920062337161 423.386772300198 448.543289084177 469.297790906065 474.692174501272 459.181086974685 432.745571112737 410.724008521039 400.396205771166 399.844403482632 402.357005769302 402.412704681798 400.193927340739 402.19255231288 412.128104585406 424.55685005819 428.326166843597 421.247761294653 408.172054331815 390.063067383237 377.718108786431 388.224672959062 411.040451847885 415.317020909273 398.710308075937 393.638190987275 415.423407317961 443.979320804975 455.616773461187
350.296587064101 355.139212461407 369.408203104247 395.450011936943 429.348041855792 450.547444725294 437.313904548106 392.093947659474 350.709589317785 350.525859080538 388.104057281977 432.451658838315 462.296900020638 473.905445775392 464.568365317444 433.964773132934 400.710312392706 388.875736396293 406.743390808481 442.123890114839 470.035979827051 468.335497913522 441.612504294633 413.418909710342 399.288976976537 402.877715344874 417.399766080421 427.634397019047 425.957232561221 423.203736892931 433.018113680956 452.218404571945 460.403520667225 443.407607809943 414.579037694022 394.452646105916 381.663413755938 375.581713906527 384.681470537908 398.68165399289 395.324674194661 380.30352465553 383.804718909831 414.140533963496 448.142211061687 463.323424827942
