GIS/elevationRaster.asc
NCOLS 101 
NROWS 101 
XLLCORNER -50.0366972477064 
YLLCORNER -50.0366972477064 
CELLSIZE 0.990825688073395 
NODATA_value -3.4e+38 
[rows 60 to 79 of 101, columns 0 to 45 of 101]
394.028912993314 372.021532399754 349.886759437657 351.820945548711 386.280870806875 432.489301953994 458.109366808739 456.257145066533 451.330201334669 462.561794572245 476.209891001855 465.943496815882 426.560446317065 377.812667173728 352.920024985554 372.310800201484 415.646731122593 444.172847825335 452.520094161205 462.957763500109 475.726618407211 480.345666751663 476.73985135299 463.554044925641 437.301227924605 403.736407094579 371.882759757776 348.26948838842 338.674877451405 347.263907183561 370.02357400675 392.8367021989 399.176752866862 391.782919046175 388.395285081695 397.582960096837 418.521729600655 441.240873734611 452.540057979481 454.001490529409 459.363545765759 460.732433206371 437.353642555015 399.248042870488 383.402484006926 392.514763667804
400.916373810756 379.148427703186 368.535165118613 383.240055242714 420.373426601953 459.220585431098 473.720940419295 465.829734852913 463.675294203147 481.671045787906 498.633674013827 489.527612247514 453.572574627479 408.543920432668 378.604119798347 384.807195053226 418.220682619038 443.600265928675 444.009535607328 440.741518556921 448.120822533492 460.470390767799 467.168948617657 461.94799085176 442.062183510708 412.456952897821 383.008298496679 364.195922149761 361.215224052377 371.319060423023 386.247142881771 400.454482835492 408.183341170763 408.270956419872 404.823815637591 403.274444439397 411.250534853589 427.997795502363 442.303702474927 448.742961962552 453.183347574826 449.22077206709 424.681683877185 391.768674260823 380.381442395265 392.100083129159
414.851181118965 390.305971918413 387.118089136026 410.006216914463 444.812386839937 472.320908977394 476.903669708134 468.513648276301 473.250936245781 498.431883239951 518.627317123805 512.471177836488 482.329384028401 442.045754795525 405.551980835526 393.813420939503 413.537998753244 439.991657671311 443.81531937207 434.069829217393 433.406000461854 446.128724141439 458.668247450474 461.737392319491 451.255181354276 430.602917082556 411.261173897765 403.971217762013 407.740868684096 413.833712858707 415.008763973167 417.413888125772 427.131026539387 438.128081015047 437.34725120041 425.106848545156 419.775993622467 432.241292921388 450.851853694752 460.339729524804 458.942904148187 445.917110613716 420.667431208173 395.787554368853 388.136209920056 396.417894862528
424.353385899307 404.360013902472 411.384207993035 441.732589567603 472.95141866112 488.645275315956 484.372308533815 475.883482861196 484.547805570418 512.383512924583 534.527429450264 531.960399899878 505.011260837066 464.508774787929 419.74290559007 389.84895377531 393.532331177507 423.033389345332 444.152708101857 443.363529836957 436.401301995784 438.481688615435 445.518618640901 450.210277636147 446.416824681901 435.912432650866 429.469005178027 433.550484942722 440.413500560854 440.131073558944 430.217785651275 424.975870604187 437.821686605648 460.767334483573 469.601143472942 457.473572594107 445.424168373364 450.563308622831 461.692219921063 461.374447963221 448.212159960265 428.035908635916 407.295640448049 396.619253402251 399.765330344559 409.071610925066
424.131147164601 415.637020894476 435.257647012306 471.587453172145 497.861145830852 502.525499314343 491.131478140268 482.415481939496 492.574984428874 519.931881256214 542.454615020339 541.832365815441 513.894066256237 469.788705241857 421.481638544869 382.634102457686 371.564749426493 396.717942859693 432.416707113965 446.754109053308 439.352978012107 431.053828509418 430.037837609494 432.250225257121 431.020954868791 426.844679247567 425.578853767166 429.199663672767 432.021914711825 429.804086142326 421.1013842089 416.749877066443 430.906124011662 460.226773998165 480.682101454998 478.662059145679 468.788690979189 467.092568859215 463.680385150181 444.367145671556 414.387760462075 389.119127413748 379.212593467288 389.094152499451 409.394307747988 424.297450928732
415.801146602581 413.74981776974 438.046852520206 473.158726055217 492.622764638725 490.789726960006 478.858132132048 472.686291869456 482.887087815051 506.515933990986 525.632873357408 523.535141858989 494.091729360751 450.312958073773 409.212289112145 377.795019303326 363.013004978363 379.324338610776 415.785191531678 437.5997081043 434.095719114485 426.528644876501 427.12338872477 430.82732342358 431.402803008619 427.917534080518 419.909873713728 409.252051911995 401.888081598106 403.709665073644 408.055333941115 411.065376537912 422.282826182073 447.507636194857 470.422057344473 474.550766142435 469.1486121629 468.239710724717 460.652076176288 429.06710485142 381.911615408531 348.371353007153 347.382475067007 375.369805529921 409.390595586836 427.072045118365
396.170775637757 392.575008001019 411.823601644824 439.286083457122 452.169659483127 449.404809896606 443.042666450065 441.598410374258 450.049518346501 467.102173361628 479.496726760541 473.819009584886 446.372882903176 410.913068177056 385.620036065121 373.388709316407 369.060656455454 382.419719164162 412.774858001892 434.423991898498 436.06083408337 435.956128242602 442.65594599007 448.342028517047 448.024741509811 440.526151199771 422.894762077039 398.811030473916 382.857188592571 388.780515917699 405.749543991201 415.445147362771 420.189881279398 433.075891288367 446.906113428087 447.621411524638 445.298416103965 454.464452675425 460.182640385163 434.020278780907 378.555120968993 333.029488706353 327.959923493106 357.888530355763 392.924471840985 408.633312749803
369.497616149959 365.875703800123 378.584179213538 397.26680230638 404.154356203681 400.371188822192 397.535328306018 398.759928143598 404.110590597758 413.901187849639 419.109077455345 411.094675766536 391.185251014363 371.780146705495 366.306019890545 375.788350242298 388.267955117668 404.722967741877 428.394409252516 447.166838864759 453.355398678738 457.768926989444 462.315542728393 460.776045242354 453.643582649152 442.953991699502 425.881578804675 402.190772461611 383.810308847454 388.060741783988 406.971165854987 416.069924450267 411.063081595036 408.596738360378 411.109381231223 410.629210763006 416.932104579533 441.781732341702 467.819135773539 459.454533949967 410.141197034481 357.822232149928 338.577062014564 351.417069317474 370.958244939739 378.573233505361
363.759046746557 364.432681159541 371.505814125876 380.437889752523 378.786128690028 367.798990458328 359.699309963814 358.519432330997 360.598302016983 364.080362699655 363.241464557895 355.101218895692 345.213351627878 344.352841760173 359.203316228091 387.429890929449 413.561345797037 431.958706060723 447.460978334512 461.215147246849 470.151545569666 475.033614968174 470.952604114889 456.87047867432 442.173276701677 434.417377771863 429.191820759877 415.67762301786 397.812625138375 395.492083669396 407.205282679763 408.254343839018 390.998047845571 374.470144450645 370.840779994529 378.240255278534 400.049984834748 439.528437261987 479.525200172113 487.959483437211 454.93267427167 409.419905791597 381.46107787349 372.563546527925 367.619430514154 360.061147960863
396.957828000005 398.213947049361 395.49153195749 392.012955551145 380.944585200216 361.049457177128 343.243478123714 336.26391893666 335.672135805452 335.532098469342 331.457922770078 323.004201196638 317.377004559396 327.945470994314 358.582209764482 399.821017360302 432.863973934333 450.034957193853 457.319872117616 465.089559658945 475.196219079035 480.684824563241 471.910735220786 452.106511170431 436.832575737976 436.554545943876 443.078383009776 436.410080082015 416.965663123823 407.81088931223 411.336976519409 403.904357880114 377.560972671029 352.261391355561 345.711956212936 359.786843548981 391.986256417755 438.957674941179 484.746846020737 504.91334625931 491.847400756312 464.337868295306 438.844630251657 415.937858762319 390.327044903369 365.227445259856
447.037304606965 438.02387829297 418.439366018512 402.833641073229 389.787813234992 371.127041170889 351.037068125713 341.822283869655 342.108973527775 343.614186622409 339.630014856062 326.478897698573 312.944228861926 320.687138397881 355.157148789616 398.308782315083 430.269240971857 446.779612363426 454.726169546723 465.283499399889 479.409651565107 485.162538281772 474.017578033852 454.212261854705 442.589136915193 446.229978682311 452.897198710441 442.94511884028 421.141523225562 410.688321015088 411.573469681298 401.552885315438 374.707000337375 349.264707264796 341.358378501712 353.410278696172 383.569972401096 430.360053937486 480.002592690898 511.294917237583 516.803961765495 506.20773132793 484.503545982154 453.234378967987 415.559681452414 377.583502469038
476.223620796316 452.544011952751 417.565755942466 397.111900632205 392.765759108242 386.307148590816 373.237670315102 368.001101844241 373.514705317926 379.444674879728 374.039432046589 350.006866956675 320.598438519568 315.64531095209 342.395720986979 377.201658143168 402.288687001304 419.322164651962 436.574096350453 459.797587928146 481.966025352768 486.888525277031 471.192007297533 449.912229575737 439.267075453428 438.090729299809 430.814160190882 408.387849166021 385.895959148861 381.289822989736 386.678616039856 382.580708437125 366.750445238502 352.424706202137 348.137988674097 354.49013019359 375.291553262882 416.719277801692 469.168839407793 510.708998676213 529.602561773017 527.676381290643 505.062064000178 465.858717091465 419.388808678614 372.467246544809
472.071073607444 444.70821772179 408.008382970385 392.164537211414 398.396666034385 401.368378346387 392.980381993013 391.163287918362 402.26810661989 412.184746200304 402.985419800684 366.536383578963 321.470043021001 302.023240689403 317.863951992651 345.417521103435 367.311144690613 385.640122381513 409.481314127033 441.189226760024 468.395332804575 473.789064579865 457.557575088907 437.418723683036 426.824314171352 415.612304254136 386.77604192033 346.239364067003 321.293040069511 323.096501265732 335.852732304271 344.423990670642 349.696932248023 355.691836512361 360.326497001811 363.535052735654 376.124889174676 409.600380908507 458.511101547844 502.514544881839 527.072899065482 528.18032103444 504.734799687003 461.634955995607 410.337553131358 358.256989617576
446.166329100514 431.051683237298 405.003630176464 394.946899377223 402.25925176013 402.495033363119 389.253471590982 384.080705632157 397.560781651516 413.423169739322 406.126494234286 364.239859241343 309.240635773978 280.019713566828 292.554894113275 326.531885759313 357.657630045809 378.147068193079 396.940599930547 421.599659395316 444.364903339037 451.067011810524 442.166893221548 431.755448622489 426.590669395662 408.621692417669 361.865349122589 304.820498409876 273.873205363237 276.357116812896 293.674269392418 315.171332993046 341.824564916406 366.37207209553 378.357093818475 381.304116997086 391.403713760838 417.766299725278 455.61522321199 491.627240845855 515.187854488581 518.356996659072 497.128802518363 456.587149846406 409.314938789861 360.416172347023
412.925511524655 417.306123603735 403.312189126821 390.357971009995 383.889313650103 369.409184896557 346.008278105499 336.701611448203 355.307883727437 384.724208250989 390.124593499275 352.788307006228 296.202575614051 266.452745674868 285.720844054629 334.742942698045 379.712769897992 401.48225783704 409.597689276484 420.771862292821 434.859575853682 440.463388794574 437.844240138324 437.260468251834 438.082034023708 417.41729743882 363.09981463284 300.781326636615 268.235131498858 269.921515823381 288.213086013289 315.498399271987 351.624899161703 383.124475931659 397.349547602414 402.455772287016 415.772418260132 438.729491662125 463.651861311003 486.417891369167 505.084192545343 508.697003327783 487.559685751283 450.064946126467 414.828038542152 381.929913255379
382.363337283553 403.553893933324 397.036216988477 373.257122179678 343.483703450512 309.14051812498 279.089061773149 274.813496649181 306.095096982512 352.536637882562 373.585821094522 346.567233450068 296.682800791279 272.934824262092 297.893355016586 352.623353184618 402.193460724204 424.71753162331 428.580034205838 433.025747341873 441.127827847551 442.828457950898 439.038547572173 439.138418006357 439.778142150284 419.187751237064 369.60463919226 316.972072299978 292.958400237211 297.683420370929 314.10689038966 336.113415495313 365.581762749958 392.11281607303 405.385135846889 413.987028604429 431.992505945283 454.09926748574 469.473212146982 480.29805439763 491.38731625292 490.139651124809 464.270812989867 429.188096484922 411.252749515157 403.931053359438
360.634000990145 389.520154697158 387.749128514751 356.84807372308 308.90891577131 260.15302175671 232.213881367323 242.855792424181 289.077947233161 344.724535852003 373.072397136929 356.552009227053 317.911810476537 297.708220392247 314.507270142446 356.318222631074 399.759370602142 426.856719317588 437.286748799409 441.490088220085 442.79286930976 436.738925702461 427.614915378923 425.190506873926 426.856911020199 414.559456070912 380.413498052108 344.171052702719 330.436082536018 336.983043431575 346.778470998708 355.158778392885 369.760516556064 387.166698384183 397.698763439932 406.675580343789 425.45586931535 446.964103953643 457.806299064949 459.462465788482 457.566868907442 443.285500670392 412.042261791988 386.248703983534 391.793127700847 413.117951318121
353.730623815315 378.646990572691 379.002207419778 349.64740505564 297.796983984881 247.83992180956 231.313646308179 260.0411165613 315.389670604559 366.664980016464 389.228750571196 378.173997462966 351.01442008993 331.9438805265 333.475197779685 354.95390587922 389.102120905151 422.084635376599 441.251117760873 444.709903308311 435.903973242786 418.720781301205 403.429196598897 402.520610956315 414.604833131675 421.405822156028 408.008494024445 383.915422577938 369.911656631446 367.58253133816 364.569082590301 359.63721468621 363.674872129621 374.797858267879 380.57898087128 384.04071039303 397.702053947899 417.470319280004 427.83464102214 423.541646880755 407.520028346747 380.985261654649 353.15728694008 346.647158655652 375.993634113156 417.887226617269
355.249708262803 371.09103765554 372.267369515424 349.928780340946 306.637704171386 267.634731621367 266.100864189891 307.539924866726 363.779720381588 403.32625933298 412.99132419709 400.846854675838 383.386017450143 371.520260403326 367.776889406813 375.181694690875 398.382844571253 429.780827086008 450.988819911329 452.853373547909 437.921302883135 412.701706006341 390.070118095032 387.569072194789 407.905520772452 431.636464817241 434.957587729977 415.632904159784 391.465002471506 372.837889055474 358.538668804027 349.917796773971 352.07099345097 359.008502268809 359.282097037214 356.732012269487 364.186307476385 381.275808216876 393.702636381933 390.804088555284 372.851187724357 349.41951553125 337.0437361655 350.361257409334 391.357538404172 436.240949590623
348.283442882205 358.901329091341 364.485859709412 354.894189404947 330.065149461931 307.746099333776 313.088440768062 350.290952707257 396.8349605516 427.122091237654 430.705030806045 418.564293754989 409.989465473753 411.910493044554 414.721339098923 414.926800476146 424.639527411516 446.259149801134 461.97760876774 461.345429774751 448.43388913412 426.81928527022 401.217277608267 388.35517910448 399.675845588755 423.099209606786 431.227120706921 410.907709370379 376.449483749778 348.925363337438 338.651416086656 341.936753437314 348.146211834281 347.418892613106 339.258011188265 333.023427579803 337.777019581951 353.002774037901 368.965755876144 375.081085313103 369.366623980535 362.339711382296 367.908190522339 390.393366320771 426.15313842599 458.050761420041
