GIS/elevationRaster.asc
NCOLS 101 
NROWS 101 
XLLCORNER -50.0366972477064 
YLLCORNER -50.0366972477064 
CELLSIZE 0.990825688073395 
NODATA_value -3.4e+38 
[rows 80 to 99 of 101, columns 0 to 45 of 101]
381.922437026127 371.066232010751 356.964621919455 350.290824091493 354.618756841309 370.520478415117 404.851164235686 455.21436246721 496.204170386398 500.479146696531 466.246050534434 421.718111393345 398.943697465386 404.175674947842 413.165068026055 402.497683121577 379.446570649056 369.290680352909 377.4281884894 392.658911869699 413.448465663083 443.331541126222 468.500521247476 475.88316627188 472.655607497256 469.281642419147 459.931715114772 441.216760366681 424.955085156767 415.636709420994 398.386629113252 368.58025520382 349.268417956469 365.51504932265 407.067268538921 437.942643356667 436.012361482783 411.936709957669 386.796453367117 370.884671589509 365.370285569228 368.000352485944 363.230391942122 337.551125545304 303.790534646284 282.489689197647
407.562223216466 388.998662793776 373.194797147192 366.862479938326 371.933877816124 389.586135955099 422.417959537277 462.358220086126 487.75464951068 483.453234108195 455.387138973672 428.555211776844 423.892642214393 435.67572807933 437.289130279591 414.392919125925 380.962269497983 361.162886973735 359.895506092713 370.184430338742 391.22518444705 424.156210798863 454.106013093321 465.537176226026 462.702622329465 458.983488083706 451.925833877401 434.861373174199 417.092362184978 410.808849485285 407.084956983804 395.191663006987 385.648579561128 399.449992618006 433.530806565232 459.272379669913 455.762199767326 434.119077093091 412.137451752781 394.0493829532 382.456793198082 382.161751011134 376.656394196883 349.332609770113 315.139992722638 294.461790903753
416.671333125449 385.423927941077 367.871435021018 369.822697085334 387.111599606912 412.819846462653 441.778476228973 464.975795146124 472.834566544726 464.480834556692 444.24075097022 424.498280736763 422.495823910208 438.666099493625 449.057073677645 435.81130856512 404.739619816555 373.577651340229 354.154233885861 356.439794953956 382.902567138654 422.29337396558 453.022748721944 460.942527466574 450.758443492258 437.19654828621 422.328447992441 400.708840411317 382.232380293176 384.411597817702 401.164154072254 413.937444504106 420.955471413275 436.487977816873 461.776837777928 477.733743276653 470.921818834191 452.59209463212 433.740204690582 411.947543654876 392.859642277113 389.938622005782 388.741073719953 368.102546142567 338.463914230769 319.640323260107
392.11434190768 349.574888861764 328.896598266121 341.861154195655 379.298455681945 421.311597226985 453.25612287469 466.728733909918 463.925966742154 455.290519306119 440.084658460765 415.873312421136 400.016794428246 409.539392926882 431.752261801477 444.002636581325 434.302672965553 403.856572233074 368.314883183241 358.970659589055 388.578984486766 435.072290333267 467.881199006613 475.077069509808 461.962170927951 437.934209451966 406.184685388186 369.476837597399 344.771016711638 350.666101886506 379.635035647756 408.982509186383 430.872002075944 452.98953891322 476.259790828948 487.788909231741 481.3353264674 465.863904210627 445.582060642346 416.898432750163 392.258625592759 390.850859885565 399.206577855575 392.812493292849 374.183014985002 359.330469846173
354.101143457182 312.215772808924 291.080200462604 308.584348306164 358.333228674655 414.963916969153 455.891311451105 469.318573301564 462.566474297849 453.136804344059 439.186470673951 409.719481149253 379.209486095255 374.55117824475 398.672707466137 435.104600583846 456.909993222846 442.463952475424 402.272973359519 380.800838445315 402.178055027991 444.416063737801 476.429980551374 490.366457834772 487.869604140386 463.893831874661 416.249856353198 359.112606021114 320.48511445863 318.834624221954 344.999844751171 377.362727059564 407.436950686094 437.129650389655 462.853014444224 474.811757281715 473.18642098626 462.913041148476 440.435738824714 404.286978823853 376.269307697882 378.828430793416 398.340103100863 408.984521185825 405.061019370791 395.604357363637
342.089211574979 315.726528870976 299.734441822209 310.091108957128 351.629085014428 407.982137160057 454.137228896095 472.001322294843 466.795580010603 456.97592041857 441.90680009374 410.579676107422 373.295214100356 355.06590719806 369.457004293275 414.863486232666 461.663657445519 471.263171318181 442.872153594925 417.785502212579 422.505289267476 445.322324353817 467.932243177145 488.303032100801 499.640508910346 481.107935882433 424.773132458183 354.033817981381 304.109021627526 291.40323951747 305.730468418981 330.369911704295 360.888099560475 394.446405167883 419.127738389076 427.859515513099 431.038601863716 431.329638127247 414.266905811334 376.79688025152 347.161658618919 351.088158372231 378.584315983038 404.492205538688 413.676327926283 407.173148763879
368.245090484504 360.967499401944 353.718079088652 352.844710760166 371.850853800799 409.962958386296 449.787886064625 472.518642249572 476.058322665905 470.284155477682 452.31092919388 416.922130767267 375.901423903384 349.091330993963 350.157457143259 388.356699397955 442.836399347094 473.237411849178 469.180722277891 456.031985110635 450.531771285353 451.175486899984 457.623816138904 473.642775432967 486.105969197743 468.652858953027 412.43128449932 342.509718402993 293.409674961083 276.454443940906 278.296390290268 287.934442005108 310.272865286892 341.329423374509 360.730967602455 364.133025677236 372.955024680733 388.704180559095 385.458966556739 355.110703404917 326.55338848369 327.441757995874 355.9149441651 390.84245863652 408.008246869066 400.322054304819
403.040907390684 405.956112575471 405.218514426024 397.876124502178 395.8860177918 409.967973902313 438.897961168361 470.015310144311 488.468881806071 487.331144541714 461.176368573106 415.925739370604 371.007888118101 342.768469693661 336.735230268835 361.633116965664 407.65411946239 445.699502768187 464.151148999971 471.875875106023 469.756032457455 456.993075253059 445.388011229828 446.084233307221 450.439063116635 437.517817258191 395.473621269852 339.43284961549 299.553825311837 285.037459323088 278.422776010442 270.791364522367 278.096734142917 302.3692265612 319.697870477174 323.539254817271 338.10422755703 365.664558674085 376.207970650856 356.967393239016 332.116966592508 328.507654795636 352.224479651603 388.314965144246 408.826196084207 400.247704817977
421.582009510046 422.388758893355 420.72357141544 411.971388045514 399.74880324266 397.188573001599 418.717057207771 459.764526265521 491.443484503914 489.421997944127 450.759764635332 396.311993556377 352.549173416986 330.814053246636 326.83380275636 341.957955626646 372.124307877131 403.052868826707 430.340933074159 454.347383958719 462.243226534119 445.527799254658 418.37594309616 401.009033141833 400.469890681819 405.351866284901 392.216596368568 356.341457756943 324.471162933133 312.461001098964 303.056118121001 284.156531116426 277.230596352396 295.170326019111 316.377029159911 324.805914940488 337.358144538521 363.747141674454 382.641194047715 376.55009218951 358.387775203229 351.913546373233 368.861922983726 400.814763542066 423.628383216164 420.225254131798
438.541780465701 428.070750836117 417.81361854439 408.483557706092 394.638130683051 383.983513212023 398.140257559338 439.241883218365 472.722928478399 466.892918505896 424.309002183039 374.277317364075 341.200004769596 328.966497705535 329.248893478421 338.85267451198 354.316006929124 371.648438187965 394.746944272568 422.594093295098 437.179059909707 423.929101405682 390.907124777676 360.867280820392 357.583747437023 381.2652662982 397.034619908717 380.235343766041 353.759310843412 343.481791104881 337.54677340454 318.398697535486 303.201355991526 312.955119488891 334.141702212948 343.207079062652 346.46981009018 363.517358203869 387.607843121581 396.464526868281 387.919477681149 380.32939380157 389.313217017128 414.649241389728 441.671926240542 450.806284951804
468.156083643662 449.581317609939 432.125159833973 420.668002408057 403.882116316182 383.960645201632 383.165338995832 408.969732371551 433.254611364742 429.657305698182 402.03226518833 372.979947958694 355.632633574482 349.187043788992 349.738025909702 355.570786969455 361.829656121116 368.859389158888 384.222333740115 406.81736844731 421.350025072821 415.316539957839 387.397567736786 352.054983837463 341.675904238668 370.087597195536 401.664956489022 400.283983844369 381.606766105817 374.965004645701 374.987916381686 361.577867099241 341.561745747553 336.527905430735 346.073546222247 351.293789476467 350.101496992828 362.060807119793 388.373830479911 405.951667540443 403.384690762681 393.431027737245 393.50739470013 411.947128756626 444.169088984695 468.95136719681
491.794730307291 479.956256666298 466.561775979687 452.663015292591 425.904122785825 390.059826356817 368.429503952764 373.966442116936 390.638027047293 399.912754737372 397.684564596061 390.616979210385 382.228665140681 373.96508492943 370.124214757748 373.147599939328 377.415181429241 384.011100038354 398.198387743175 415.431176127474 424.617457067844 420.664397323976 397.269175650646 359.545292359589 341.143957503034 366.165403141538 405.000313613408 417.980457967639 411.421648422978 409.788255986467 412.005975617306 402.170749690916 380.192802916478 361.578531485649 355.629747314211 355.259645857892 354.332959027159 363.743953251761 385.630561923995 401.568149044202 398.778576981466 385.656180262116 379.469548946417 392.502620611032 425.074497488954 459.116588113814
486.05304479778 490.966836342914 490.649405668108 475.986408746433 436.381915578918 383.421785360427 345.473515309804 341.381575992717 363.060921325591 391.201986199489 407.979839379254 409.318249166163 398.918413297805 383.014527057084 371.198654159728 371.204660252246 379.561453882565 395.570049778772 416.604520661451 431.540923668856 431.581421448992 419.16373955282 390.910706368356 351.062208663921 331.602029641405 358.269766521032 405.388194696362 432.926448273375 438.963478594777 440.630845479573 439.422106670962 429.355723399076 411.701233234449 392.445758988145 378.74243263382 371.666686153967 366.197639519318 366.406706133207 376.137564018919 385.395649853511 381.970534677169 369.949107493003 365.096675915483 376.337350784826 401.31953056557 430.056085792061
448.944979711195 463.532600721078 473.301790840496 459.911071879345 415.11134645726 358.422997040119 321.796228454361 324.078263141566 357.072803046129 397.088919107033 419.453211446264 419.461666178314 403.716037278593 378.70436272232 357.267056334996 355.231359746953 372.84844064491 403.305942840147 432.075101832928 442.305348729903 429.063400037471 402.034537146084 365.25502553974 326.866155389669 314.374213738483 347.452742705129 401.686090060025 439.491155899935 454.861661781275 459.936080420654 457.079230292424 448.208515719042 438.802625963118 426.616658939575 411.392062035148 398.942303254513 388.130901009214 377.260106851347 371.316723630101 370.473324721894 365.260761343015 357.486450014856 360.732683462871 375.4709089006 391.380296528527 405.045137040018
398.944983906488 410.434318918572 419.638980877611 406.74270406047 369.100883595857 329.917755157301 314.87171192045 331.956644499154 369.223863177088 405.735005176279 422.998794912572 419.948284371486 400.794812755234 368.709437610682 341.998944350133 344.508778053238 376.111377441731 420.07833013992 452.278225682178 454.85599599263 429.619285108687 392.459592644974 352.908992168143 320.230718789192 315.636490828022 351.404138249054 403.962281520772 439.78014668143 454.685591008674 462.601200082509 466.164172417504 465.330082413555 462.92050081746 452.75093993086 434.90884748439 422.878471790905 417.575129559602 405.859325766464 387.116655944717 370.681223109399 355.852202672571 347.627951688434 358.082169492691 380.178928823763 394.988739245045 398.025092180915
361.634480341361 366.28493825589 366.535677325885 351.024551551416 327.666483718958 317.80759843422 330.765258311551 358.585686616821 389.63730378482 413.143064210638 420.416278643239 411.63335709992 387.962144605154 353.11608303787 331.142929413047 346.910821153684 394.174180752472 447.256331091498 479.440418377909 476.835799952315 448.374263509427 412.447144520943 377.150598288277 348.209700430251 343.710810133278 374.309914465233 417.486895858475 440.367318645551 442.217891204439 446.231540390857 459.415470728161 472.540830412864 476.023185535657 462.412910888767 440.617323908657 433.219197856693 440.437898882866 437.169161019204 413.181665244203 382.258065724025 354.43384700149 340.366150608117 352.191235837254 382.197119045686 405.376851909451 407.375685285557
345.011635785728 348.549502123281 341.562895828443 325.128392994147 316.470252011278 329.907352829671 357.564958570037 381.975067352006 398.847715552661 409.040955387894 407.933326603377 392.773422508599 365.538250605806 334.874120005095 324.896576920877 354.429468495529 413.039172676873 471.840201953283 503.637250380821 498.674924134614 473.043108346964 445.381578814457 415.861109354723 384.505921403486 371.880230051905 393.955863851938 429.991659484457 442.748108188151 428.941527235799 421.120534216426 437.49443324943 463.701010756188 475.186875350408 461.134830779207 436.176519370114 426.984586327126 435.958487202341 438.415244990409 418.559234013689 387.02867672124 357.149374902108 340.987416398607 351.339339287093 386.141096356148 417.84504816793 419.852588417385
333.472789914688 342.88784361748 341.879202950669 336.264201885995 341.949036026067 363.400131986144 384.695298958644 391.673429053708 390.782500043171 391.499208315319 388.431716030216 373.574552733825 349.134097872662 326.606824773031 324.014539004291 354.027677055909 411.371358651719 471.945939169765 504.203018214512 496.991462396753 472.893438881255 452.609133232492 428.200780733849 394.698120995885 375.967170154325 393.620772364111 429.749485784055 444.215177233061 426.449932777466 409.896815338119 422.654903457799 453.238158338275 470.393645943232 459.151712653615 430.495024697628 407.968786841362 402.37603347554 403.983373381963 397.444505213421 383.157049617912 367.429955456583 358.197828305162 367.734660454243 398.777907290059 425.237672659391 418.36635451475
313.15720946451 330.475520242293 348.925927946867 367.017405286587 388.287821132339 407.990648090808 413.115833504524 401.855440325775 388.11844668484 383.325830201033 381.452170506414 371.759555990374 353.915435896849 337.226294855886 331.536130294248 345.109157848398 383.478425499229 435.417838620211 467.388201491128 462.782615937449 443.978358828113 431.353468802646 412.522725777151 380.907579090002 361.722514506881 378.68176442988 417.772559094899 442.076295736449 434.826059089208 419.677720285408 423.954423467501 444.253825694641 457.478661466321 449.488242705146 421.25644067774 386.866213816607 365.666100279273 366.386748431177 376.637875505705 384.214283703971 385.0734778452 383.540978069966 390.288232812432 407.266125900497 414.113693317505 395.095837807616
289.026013254 311.401709586714 350.050827231456 391.180175822129 425.300813848231 442.422582045211 437.57026446763 420.765401845932 406.216521532979 400.501233516673 399.275072558538 392.681627012894 377.114461889316 358.952828680513 343.795510824805 335.233652083009 344.925380707042 376.408860856486 404.817824868816 412.042462059998 411.283496697943 413.00793715701 401.135324614829 370.940888285863 349.750507858816 362.816303238889 400.902549320373 433.593288264709 440.708847797561 430.926523831161 422.652415215169 422.852544896632 426.578121638861 425.679027368818 410.064585665468 380.661861011945 357.784744345911 360.781843370313 379.622484392252 394.470892112213 397.332618922594 394.647905578232 395.280437544435 397.147145042047 387.591064521668 368.431698919325
