GIS/elevationRaster.asc
NCOLS 101 
NROWS 101 
XLLCORNER -50.0366972477064 
YLLCORNER -50.0366972477064 
CELLSIZE 0.990825688073395 
NODATA_value -3.4e+38 
[rows 40 to 59 of 101, columns 46 to 91 of 101]
436.591203348618 448.656400593969 455.710844434849 442.730436260684 412.866143793716 383.199034811084 368.047934998928 371.178108171882 384.221415021098 391.674881169972 387.827149350283 381.564374286611 382.971967689574 391.673083025288 398.652316822804 402.201816733372 410.435938834852 418.705602631881 412.379622029006 397.457449162845 390.83193489104 388.42044721355 378.859515722858 369.886149595338 371.499370444573 369.744319473702 351.382688380303 332.15174010264 336.186389955851 361.656246310629 391.864137690374 415.705007198807 430.885690261615 436.054531085121 438.725944173706 447.590704605862 460.676092994233 474.44597263601 490.140812712663 497.604588018113 481.24329435082 447.830579847749 420.504944684335 410.691585995019 414.297971908054 424.919495965491
411.024603624499 420.078624612273 431.300168762977 430.569991618186 415.798783056054 397.932992055906 389.306318216926 396.293043039935 409.642714055773 411.85948267426 402.480856136603 395.05239310428 396.431219962314 403.155430087648 408.364107139866 407.766504832954 407.300977315428 409.285091846731 407.37240279415 408.468728468701 423.135155686554 438.367996489221 439.199561433456 432.749190253761 426.430454002296 408.209524999222 373.530302405206 341.92264489856 336.921814851764 360.803305684721 398.142246099244 429.403966953686 443.317786941351 438.948324443521 430.790053656817 435.266794701408 452.781147083249 474.392532618576 490.078446393672 487.320318052943 462.458236485467 433.753712421445 417.858115846466 410.455875535893 402.921430374915 400.992948040315
360.814699825461 364.604122654253 381.60459837866 396.695121432147 400.008379806657 394.136397374427 390.697117917092 402.936789392345 424.435200922613 434.482499774433 430.972684754691 426.144684782558 425.206305919735 427.543511716525 428.999760374812 419.747269175184 405.577260749619 401.880359369533 412.830060522628 438.015228585882 473.886365083085 502.143420718383 510.068385699349 502.418938571857 482.45679730347 445.225006038222 396.93652294962 356.20116117429 340.83532730694 356.791196025091 395.924906928959 437.802084969062 460.915500894178 457.678884122652 445.048855919873 444.372594223855 456.100126152092 469.813937558939 474.382111853835 461.296277711656 436.596987698625 422.754862368881 424.986384024625 422.944346740202 402.987773513012 380.094033876827
321.012627711825 319.165993329053 339.654243185324 368.490253595113 387.255269837582 388.304868599574 383.409213561348 395.289968263288 423.127148536001 442.961783041881 445.631733385594 439.373018541594 431.807941957458 430.213622671838 432.193467886939 420.384850787216 399.015854585011 396.741454420237 427.109534812577 476.212424075309 523.378144442097 552.836245354649 560.460906457579 547.718368684698 512.801513132279 460.300051927955 406.108122823784 364.399788148534 344.419362993419 353.58381393388 392.066543430051 442.911018738237 478.156539304805 483.769416804554 474.607537341294 469.409684208405 466.12854918029 458.91879443081 446.110808889107 426.49428886829 409.364279454079 412.64790610475 430.83505784996 435.875813830033 413.182195053218 378.60779656854
319.939743270767 312.824055067788 327.075590394813 355.706090670694 379.297532790711 384.108550132986 379.499075331231 390.823450191524 419.296256698423 439.762936283404 438.021443865625 420.915722433789 401.835095019365 397.239162998232 406.220225317507 404.570062444248 389.406448089094 393.684818177535 437.393645957103 499.454196540057 548.84385615751 574.217517386884 577.699743656492 558.594000909875 512.763717284592 451.50636803739 395.765307445121 357.780075302122 342.787835657576 356.229051937379 396.90506569809 447.390189331608 482.803869794774 493.591780576366 491.199106661956 485.081255859251 470.371982885712 446.910798437977 421.542489353544 398.726520590135 387.94634321541 400.131384488218 424.670851856557 434.71194127874 417.672043014746 384.613328763471
357.923900745145 344.942545346405 342.408724012818 353.876842347002 368.111119011344 373.622080982189 376.214393729653 393.634116444673 422.493118340576 438.548979490964 426.51407953693 392.735100637452 356.830503259257 345.096364812755 361.167913357121 376.843482367637 377.56230795335 388.577201047922 431.712080128224 492.206910783336 542.246899837509 569.406307181713 570.425017668656 544.65233632776 493.056214934984 428.710114474977 371.310324385917 336.831180626936 334.311401019339 364.052496574062 412.436321469206 456.063519417225 480.433469966474 490.068005532772 493.206774038721 487.466598163232 466.926300879678 436.441572861113 405.295779060525 380.746054682848 372.443726134241 385.046201767246 405.814041331649 413.120973150271 398.958731944665 371.978521980384
409.742227701588 390.764829853564 369.282986081518 358.23559860446 356.756439279699 359.703300057527 369.972475553023 394.06148951509 423.259817113437 437.472750105878 422.245704285504 378.558669047752 326.520006632952 300.933668790099 314.677401423472 341.028262609442 356.934495702986 374.673500229768 410.995268816615 461.964274335054 512.491532292779 546.159768501068 546.925831161602 515.630954540836 464.809374334727 407.23427639052 354.882829975493 324.353845692806 329.749427581612 370.584815933001 426.135949879483 467.819145847174 486.213786013956 494.885812356727 499.339835124121 490.014617119516 462.750741580106 426.385707721724 390.437737581568 365.86798295147 362.297809305278 376.092960727383 390.438972077834 389.191125941243 370.925785095784 346.551405728805
443.491066715686 422.692644180836 388.306727971128 360.004289099769 347.007492694896 349.254218768655 364.247824742024 388.128518321421 410.806116680113 422.110606070308 413.557670094912 377.284440475126 323.492467493942 287.453005538112 290.988127011547 315.079920206904 338.020339927964 362.786653160104 395.493923841043 435.88428736132 481.147080191105 515.176631005462 514.121382927093 480.559672623148 437.822023007417 398.513240799099 363.177436272506 339.257130330463 340.762892124196 375.193934878772 430.019656796713 476.593369985218 500.081763099412 511.058809324523 513.48327167145 499.28194227833 468.002353117652 428.403649217822 388.659625956771 364.533018233206 365.559399238177 380.07207341528 388.515315139384 381.130599002736 361.626276209098 341.214900767328
448.78594339754 432.222672881525 391.733280267078 353.729318611628 338.357156471937 346.935846337967 367.657379142451 387.135551279318 394.936840781612 394.361162363128 391.934560379411 376.285971681465 341.616942515524 311.362349464903 307.96920718439 322.240347825469 342.410458966783 369.578445213299 400.030607917032 430.303494433395 464.604070587048 491.652606035435 487.081419967424 453.630595084944 419.541255478644 397.508455535104 379.414509894876 362.207450275378 356.79085270941 378.547674189647 425.304605261184 471.75294073549 499.277625772429 513.361853523002 516.268931706722 504.200054878084 480.617763871225 451.011786326829 417.87766601425 395.945710076882 393.985251239175 398.870906688951 395.097263646578 382.454080744059 369.070150117565 361.729569839727
438.88211217777 429.897056283603 389.7097767826 350.406852016209 340.819410915803 360.4990247636 388.491353960359 403.834570798467 395.651453219908 378.95089422496 376.754682345838 380.885292984113 373.25059756932 360.26425000395 356.307505250854 359.036541434572 368.495464015406 389.430549977435 413.589325310873 433.259274573382 456.262000592818 477.51302954626 472.988022279669 441.081140092348 408.025725055349 387.130350428 371.242584419893 358.3086791145 357.408529215368 379.709542985295 419.67403191407 455.506379878478 476.365624220698 490.27235312839 497.029848410537 493.242932222072 484.910650202512 475.640480829263 460.450240960162 445.721881996382 437.93075224263 428.142924934515 406.652567423321 382.227324913792 371.003669263379 378.98711815488
424.134630239765 424.12941786876 394.476677245364 363.461265770834 362.028297884234 389.377103825998 420.529379233192 431.649047371878 414.558752175042 390.121745262616 387.029048239008 401.570057637185 412.886042432519 414.77244845738 410.937333295052 402.901535187817 400.078616498287 411.73022560936 427.94937025617 436.74264194021 447.567671763165 463.75991093087 463.455575763377 436.56108686467 399.35037457361 365.510358846902 338.618684497449 328.705749263904 344.164360654186 382.084215442116 423.500972249732 448.134121208586 456.246545229261 462.721639256426 468.313769504942 468.98848627619 470.620392127354 477.21755791222 481.149895529652 479.988668193959 474.456484671034 458.066705264753 423.228546735804 382.778611703339 362.709769169197 375.692890903632
405.332244541468 415.015442935034 406.268570878984 390.668153319232 394.550567649049 420.565749207009 445.817932402198 450.346355106627 432.941549389071 412.629557290297 410.216633502741 425.298839657443 443.207459065841 453.239139254588 450.127026541718 435.906344006548 424.648067746021 429.530527148731 441.174657671908 442.123203046345 438.516357468539 443.441760385081 445.133559716064 427.834289001023 393.081903151031 351.7632001327 318.475373968675 314.581442018658 346.608649577241 399.115168603589 444.392902120299 463.280611023057 459.611908447487 451.790627119586 446.582760622253 442.356712283091 443.850689160564 457.577129698191 478.224225079945 494.837146483525 497.368536447725 479.422796108091 437.91965982993 387.815168042399 359.454360959656 369.638159082282
392.663651579482 408.06624930874 421.652125687269 424.450248790767 432.06891325018 449.420603499078 459.366342601772 451.73921743443 433.886036849617 418.737829436034 414.864407410849 424.315034239984 441.412666209867 457.256766457099 461.233133875199 449.972032168736 434.097592490124 430.776451257983 438.128114199641 436.298792733937 422.737378267308 415.773008083806 417.863062984259 413.717135951358 393.321574667288 362.281011458854 337.288997057979 340.912401856614 377.456149057021 428.320115368591 468.394052777283 481.825492922881 469.604245587324 448.137700165039 429.558064255818 415.992369687434 414.699652659561 437.246250960143 477.605233815916 511.525237026038 517.009858319305 490.706134901941 442.103055001625 391.976859731456 367.580109148406 378.376622737555
405.236827491788 417.173891659568 443.212657979312 461.877488461972 473.763189677109 480.691675496955 472.022753702502 447.960902138231 421.758893978076 402.29391553467 391.607295918495 393.33539212658 407.721785895475 429.762687202269 447.230167854384 446.911045028578 428.760214118923 412.634208869224 410.751972112807 408.715475577692 395.712896774939 387.826275599847 396.100759632562 406.866249194738 404.459746406023 391.100434846742 379.629550423779 386.085697186156 414.023945863219 449.682198725773 475.732103109477 480.356399463158 463.174224852137 437.475159810258 413.892340633725 394.764884576026 394.209950329369 429.938692291655 488.671884240369 531.064048536844 529.66047927469 488.092522707553 430.27910016564 385.268338074585 373.575275658091 389.937899530862
439.469310727569 442.86864494576 468.661888916461 493.951233652763 506.698434686775 504.598586897951 483.387981180768 449.04060349292 414.525068665876 386.546685802976 367.110904414111 361.874989164033 373.783981318423 398.828483166515 424.418719836344 431.416298889532 411.477423420316 383.466166932197 370.682514374118 369.344526581841 365.823432769574 369.258249558708 391.106776072985 416.269321516201 424.943158850301 418.921943948016 410.547500481281 411.019785130993 425.327347082379 446.462875869787 461.435393096903 459.668322620568 443.878527534832 426.119538820512 409.220873096155 391.896879464906 394.061782654309 435.835913590048 496.846322589768 532.488303267677 519.78173057598 468.151846151241 406.943731953082 367.734801458491 363.836582825654 380.28165926643
467.604638118715 465.591525696829 483.882061408711 504.911384684525 513.395490223875 505.981769709137 482.334202263459 450.1629711395 420.062391951994 395.131238054993 374.317965457006 362.809193199472 367.156318689555 383.971308749128 400.983717395762 402.007759180336 379.641611403776 347.645827538363 330.037138551486 332.395266396476 342.879293575231 362.125187644133 397.077674259333 430.67890374899 440.751159841812 430.177187789566 414.566268747877 404.25568168779 406.354689528547 418.727711556832 429.664216314122 428.780400799931 422.290902880604 419.053244706396 413.092886970518 401.617914636394 405.56226326496 439.580387948533 482.761511816863 501.542518485847 484.227834296805 439.238731448448 387.222355809584 352.046366993937 342.952585042662 348.36638446367
467.212549510745 464.955393220228 477.111560975632 492.529193644212 499.170054498779 492.474928379981 472.034543081781 447.370920642841 431.033108440493 421.982495656016 408.508659774833 389.700634390394 378.152985678633 376.494909112518 375.129563944469 365.147629718446 344.633315786508 318.51971303499 302.328524458381 307.256829584397 326.818243965157 356.504683539002 397.695442259866 432.483330603736 440.049505062265 425.386522141748 405.584885606661 389.602579409825 384.744750537564 390.952648841486 398.693638859311 399.947598623325 401.304192960964 405.646335899626 404.254035454264 399.166860229997 407.151133550999 429.15363927676 447.846808400064 451.278725429611 441.314003703505 418.860840736312 386.42805702729 354.659907009242 333.78960851495 323.86518366241
437.494805618935 441.431776635653 457.530417441881 477.405470001515 490.204923928575 488.05776868798 470.566885647618 450.487537550503 443.654231073591 445.522063441825 434.992850415054 406.982765136403 381.287786535884 367.379079439209 356.510311760649 344.046733919203 332.27229041908 317.016885606717 302.662395464315 302.757945344666 318.556628881063 347.007540171531 385.801348722196 416.718476753458 423.220060061027 413.124354834929 401.202125881909 392.855490479794 393.00979849686 399.780620538103 404.263179406409 400.817710164201 394.909666712157 387.851277930736 378.620267333632 376.911466728593 390.454863399652 404.7772092315 406.287313500183 401.641930268949 403.355881322422 406.118902817187 397.572250008036 377.019701008897 354.99134964417 337.753501331442
400.27192187774 416.155736390801 443.660800352802 474.341286759265 496.37874573698 499.36564131437 484.355535201092 465.82343056999 458.041945623996 453.389668861537 432.514842812614 396.771309241078 370.392625290862 360.042506784057 352.122551102152 343.861921014015 341.264225217344 335.177930758359 321.563008723239 313.798800773054 320.307848040533 342.606956028397 375.678602881087 400.979394100696 407.218404392809 404.27813529542 403.366672689498 408.052640073006 422.199240748719 439.644774070211 446.941505659989 436.997692488915 414.777241705326 385.640347389197 360.421300488259 354.004227598516 365.443043827454 372.823902552976 367.222315806061 362.159507153506 372.21383818734 390.707250785 401.59183414794 398.664274047576 388.465499480263 374.714321345675
383.781439140656 407.559200951815 439.710750520436 473.51477671632 499.951334494828 508.779157700334 499.35521054865 483.682974589496 470.459964780079 450.310712549516 413.741611806924 373.799426922483 353.46064593069 350.487718721913 347.275317698003 343.106402250032 346.390845079739 348.800028011822 341.915720720039 334.683799109243 338.391113497999 358.247728035761 386.52648120504 405.128797781093 408.41561753617 407.165030321527 409.459662947614 419.042002367696 441.634965902009 469.058098604499 482.605466863492 472.076981851911 443.08870730386 403.4480772208 367.849537430563 351.223649886043 350.372730646418 346.795865739286 338.206664216152 336.428000096883 350.184485081377 372.572509219152 391.461159250495 399.770968944618 398.771251866758 389.632570220766
