GIS/rasterFile.asc
NCOLS 99 
NROWS 99 
XLLCORNER -49.0373831775701 
YLLCORNER -49.0373831775701 
CELLSIZE 0.990654205607477 
NODATA_value -3.4e+38 
[rows 60 to 79 of 99, columns 46 to 91 of 99]
430.457210050042 458.682727445883 470.087181252634 461.757888300613 450.936019402652 450.657425053503 455.182305013443 451.931134506083 434.729698277105 408.131858524144 383.695399950802 371.300320266925 376.85781217107 399.436753999902 424.168706131727 431.92751007776 425.880183272214 432.81500030675 457.576648999804 474.331141669903 468.447965362496 447.684634372015 423.788555225422 407.104773890933 404.12041887711 411.568273055959 424.963570101511 440.459916471971 449.082516396398 446.809165879398 444.076918700942 448.679368702736 455.807122166565 458.339344492641 449.34491809766 425.100942800836 397.246844031962 381.303833091647 375.674534311652 378.515827972327 398.008321773857 428.685858659278 446.96104707219 443.628723311931 434.720722043629 439.410611630683
423.031276066637 442.327806836473 448.792678896473 438.974109539569 428.84008353884 432.860513961595 446.370540572097 451.208084489073 431.966013944246 394.14910937603 362.67869345458 358.461957470828 384.066657848178 424.804425674708 455.414006066076 454.325348261785 430.050293951859 420.108138338894 439.617475494702 462.404471922845 463.55408737673 443.746481021054 419.440431162077 409.465284903111 421.693664672 443.487397161745 459.197605866522 465.655683279776 464.916213010563 459.680787624786 458.751384923353 465.775480983181 473.127963143924 473.016014392519 461.109760143254 437.374033196297 413.486834317411 399.26419595827 387.265931254119 377.812811337376 387.079123346851 416.020723191852 443.986995049688 456.864968683498 460.313796643683 467.161364287707
415.045074009106 425.426934973413 424.394529946437 407.994734079536 390.925520468448 391.314609154359 410.985481412005 430.908716815188 427.366124965798 400.774500327688 377.719220491328 381.673352048838 412.812098498087 452.102366932774 475.311349626737 464.441136937003 429.437715838999 408.840900220132 424.01362515731 451.316922744727 457.604320626878 438.367087797129 416.607665487664 417.069257694085 443.769981750114 474.672917653319 488.089169022793 484.399325034431 472.845270191109 460.140292281913 457.2877585787 467.118229641284 475.873418939702 472.113130368652 456.635864408239 434.796743716161 417.635931453426 411.298241244592 404.488845706961 393.958935327539 394.827299191361 413.152114204662 439.823836142376 465.625569917991 483.530053104857 489.740813145879
421.899905679663 426.997314780691 416.350821384939 388.257310035298 360.161831996767 353.814562498979 375.297139797678 406.418087113618 422.244285487916 417.990143506548 410.87809481137 417.997586139906 440.789592433318 466.508352398675 479.662022583082 466.34291449026 430.904476988092 404.199365679083 413.903901492762 446.11068442449 462.43493477769 448.709962499117 428.865677546577 430.644524537616 455.887028611649 482.709587045491 493.773586844997 491.264134102211 479.452614677435 461.014533360044 450.063199004483 455.607799680138 464.578305685381 461.909906057712 448.099272989758 430.642005733051 420.728170204523 423.422221638526 426.232236238883 421.798473647021 420.69336810602 430.689735353422 451.306472441651 478.870288983027 498.352619555483 493.964080260333
443.320390205977 443.661567017918 424.291433133127 388.69558851834 357.182733608474 349.679400107472 370.026309951636 401.149538653774 425.455312760751 438.14793825748 443.460533634247 446.977048818889 454.203695423294 465.557551988069 476.231836817668 472.30713723369 446.913581849313 419.207115555813 422.498211033691 456.323298270611 482.074744154964 474.114494283346 451.076951162941 442.119524587173 452.674618815451 469.156038421436 481.519554858243 488.513308442506 483.201883539803 461.199581381958 438.247990798649 433.472088482708 442.639149345528 447.952172542858 442.652301190489 433.113394900595 431.057390755078 440.764617175611 450.789689135316 453.666493465043 457.449876970277 469.609428818928 489.064247326736 509.123315876849 512.500453909061 486.811905871016
470.619833330471 460.043799757862 432.431626344021 400.095745414492 380.34317480945 382.037629339989 402.016995709172 425.183728983391 444.683132106966 460.350627335552 467.864076364131 462.305598757225 452.89719878447 452.945946031655 465.458792620326 474.222085941696 464.140883146283 444.121832223517 445.43138031467 476.104587112351 504.307872700649 499.37366193243 472.012128109235 450.160303571371 445.981728142024 455.210307195295 469.78047073029 481.10601447257 475.877817315344 448.397705719077 414.960983000109 400.974157596415 411.080821820071 427.378354634553 435.682775787352 437.990372383193 443.631018430958 456.147527063011 467.76710172543 474.377862657949 483.691850557479 502.916919551004 526.719946259132 540.765763735107 526.890609864994 482.970119845303
485.171642438062 464.29688427807 433.297050021317 414.159179176195 415.963233060754 431.429356417236 450.442528430862 462.570134439731 471.234515006055 481.279089318314 485.018217272354 470.817392049302 447.789898998483 435.039254280037 440.377635500131 450.194204998883 450.827124363623 444.591009931098 451.779076185824 480.626884267063 509.590640412751 510.385685473134 486.444923558929 460.821585644767 449.769619111048 455.315075704338 468.092791013124 473.718172074185 460.750392724813 428.172309415815 390.336445023248 370.324447432773 377.635356583252 400.170891955124 421.734453849261 435.992438969893 446.345361249576 457.655879757305 467.724921425726 474.672268831146 484.483196342705 504.146809610929 529.267540790137 544.654857800103 530.364173099994 485.942302986213
476.234000431514 459.179306882974 434.36388057851 430.495101882714 451.029345336767 475.939667104629 490.428813378947 490.770936624342 489.179671847369 493.248034963364 494.483033432578 478.086495370819 447.944592041948 419.425320074936 404.00564361146 399.203413331629 400.746852773395 406.477459560053 422.910233632865 454.441637367347 488.716762991446 501.794998534061 490.643902852718 470.83776708984 458.660823682036 460.142318340054 466.582950987317 462.589483058534 443.294357412037 412.855941313619 379.437369274697 356.593589196844 355.842497101659 375.914157846965 404.615345510068 426.438109061117 437.751047547042 446.754220868604 457.255111108393 465.614312212436 471.953536610046 481.311337273682 496.944650332644 514.07171217417 512.806713764699 483.29390287961
456.177020356578 456.80694340275 443.59779251141 448.306800993577 476.735649728381 504.29587347496 512.843930638672 502.84881747198 491.790361818111 489.311275159318 489.207707187654 476.679574532894 448.019147083863 409.313622174046 372.892448626444 349.03974883817 344.852751563959 355.990490216498 378.272091692128 412.202074040829 452.059841361468 477.609779543279 480.798690202256 470.109807761063 459.048626579412 454.520038861827 450.70705769287 436.830736207002 417.158298608165 399.348296114508 382.439878052773 365.937013982148 358.658931347376 369.260702668264 395.037793215279 417.291109486879 426.443924017687 432.463628364819 444.526706418149 456.197411354786 459.881505497257 456.006815828788 455.354066909844 467.702878050835 478.059921278407 466.317951207702
446.070307886278 464.992146661945 460.050399517774 462.911541411431 487.526696468355 513.283171195014 519.732192678659 504.281419691437 483.064643038546 469.809338344424 466.193128438265 460.20077973428 440.863931941471 405.063422205197 361.912845794768 327.071495665008 315.516748351005 325.502823010781 348.762066007492 381.90193017064 421.573306851658 451.327227725135 462.920175970726 461.490030282776 455.081947123986 445.680744402646 429.913103274619 405.956537674254 388.311623138379 387.566061012306 395.086779441232 395.590313369353 388.642518396099 387.012712429214 400.498376547017 416.265260396598 421.672499660184 424.283500613178 436.142801967884 450.53565580463 454.943485925559 444.855929453884 433.005105690885 437.861262188182 451.263133120863 449.816743734156
452.103310978086 481.954871870269 480.575361825299 474.690980288215 486.741528862809 506.784093448509 514.414577728438 498.252740772029 467.908353019246 442.577303167034 434.830965433143 436.424952271099 429.878411045662 405.481559930366 368.594126160796 332.772928519777 314.706512357069 319.575946861711 342.303709519487 375.008990845469 410.989890499917 437.620359924843 451.5603277311 458.506164124125 459.809191508177 449.16800461144 424.724130924981 394.642205850324 380.457758407796 393.092401360867 419.988107275521 436.772818135423 432.824517554068 419.599399998584 416.661449515973 422.187032475079 425.490409717263 429.567431784584 443.870597613071 460.893226886508 467.011558160949 457.384312184775 443.872210804253 444.622781933004 454.881574894692 453.379322491322
468.084625142117 502.853950913009 503.688946449119 488.092474740414 483.17564480522 491.48317682708 497.242610665871 483.174200661294 451.027883315765 420.447690355808 410.836089802383 418.325957325326 422.834133624353 411.733661637445 387.489753602373 357.038984080186 333.010382494777 328.916580766029 348.455027207478 381.518064108679 415.423614668406 438.800840478251 451.717206017275 461.887799827972 468.439580792675 460.012884726828 433.885187839767 404.288924353271 394.944317124433 414.389908788954 449.195722066645 474.099682811033 472.772735099856 452.228016615817 434.908968518095 429.479602451101 432.765826749358 445.283220385718 468.258951431656 488.919717591755 494.633928481215 485.791124017414 474.193590154254 473.091392619573 478.025703706262 470.918607731218
478.492410094478 513.71572216797 515.867491246265 493.512768211225 472.71484665901 464.859641764494 463.445070586596 453.666111414491 430.940573967525 407.158229958971 399.945505448692 409.561591856867 420.960632916394 424.013177199779 416.726270574934 395.518321854117 366.613802410953 351.071392729994 362.556488048901 392.088509849463 422.627723050757 441.751382761478 449.604986453332 455.93610563401 462.804007779528 458.77852486921 437.663519196127 413.593402406061 409.114444901636 430.990779869678 467.183558233733 495.704940126598 497.696785677547 474.383173065401 446.020783767282 429.186293614055 430.767831019178 451.967214790588 484.377851526335 507.769154321437 511.312342918576 502.099089605118 492.45735927078 490.90052455882 492.950821143432 482.791975680125
469.841400077066 498.7688362877 497.958041595464 472.160031708631 442.971312215204 424.004143121823 416.124215770058 411.450912720359 403.93622097126 395.932802665466 396.818023569197 407.733482667794 422.527442711245 438.022881380739 448.026600661912 438.210364941981 408.923679966432 385.484031488128 387.818892865449 407.97136878985 426.584436840827 432.969682544384 431.231581959703 432.687604587617 439.236674205131 439.865052999059 427.17797193088 412.290708963639 412.558491410987 433.406516857821 467.003403825255 496.07592685629 500.509405051868 476.479258895984 440.927403433369 415.347324283077 414.495195120007 440.597916865511 478.222970793857 503.07856148794 507.046127224979 500.354196707018 493.465761641013 491.774989329459 493.026008990472 484.607359981042
449.547445494212 466.775525398976 458.868764986565 431.629066775498 403.104769193658 384.089414134657 375.620710278059 375.286094982559 381.09766445763 390.561015782751 403.61254235746 417.771443009868 431.764911992967 449.533365706619 467.193150968285 467.386264367929 445.280805585673 422.9322495538 420.51677890343 429.690883410386 430.245836751517 417.565534631882 405.754073390867 406.469764068988 414.274066530764 416.611272730598 411.321428582262 408.423746182131 415.486226665824 432.943388900428 458.211389158026 480.493395993453 481.902967815047 457.560087468444 421.563248741138 394.775253465276 394.104223251879 422.4315595284 462.100797012737 489.887648005979 500.179929342756 499.928579750995 493.149877444288 484.884487931888 481.12956302295 476.318481050822
439.730161193616 447.658665252243 432.320652383948 402.410025205261 376.821093557005 363.767969068471 361.264238068004 368.704835514327 385.846224176681 406.765302424431 426.797112980599 442.150823595126 451.289682444702 459.951694589171 471.730836019268 476.350663194541 465.608924158344 451.45763302833 449.817423585479 452.657369194511 441.08218251566 415.728440649605 398.495811711244 400.036476646827 407.559251631854 407.640395710819 406.329324898711 414.568992321501 429.075819423361 442.319799685512 455.97557709508 465.979260031081 459.775019822598 435.940461893576 406.031315951966 383.350396709344 381.467818918152 406.379020305517 444.420609925489 476.717560455099 497.873253173387 505.834734734429 494.531614147032 470.860913278867 454.193529780408 450.421385231289
442.121204744736 451.091967442672 433.638799921778 400.014301235802 373.41232031494 363.941898816006 370.743592744666 391.819672269778 419.019715759349 439.678452034463 452.706350093422 462.354400975123 466.985271976606 467.193813839766 469.483957081375 472.503443520111 469.069897331844 463.182939661675 465.788273859177 469.426344945573 458.058574941271 433.770622341539 418.435470035504 419.708189853161 422.518613057773 416.260183487073 414.710832216802 430.109408325698 451.081913851638 463.007790512385 469.564601177918 470.378791551083 457.203478468837 433.601498144054 409.513198384893 388.263046193353 377.86486356851 389.880106336975 419.840890895846 454.52581117693 485.801810226824 502.035958520223 488.96724434903 453.487103332874 422.858280130589 414.05394932055
436.776190945944 456.247842418666 447.168225384477 416.300551848345 387.801414265482 376.120206093905 387.546897925248 419.337429006867 451.557669321679 463.974678325407 462.595726876391 463.329112504803 466.714484660746 466.477468777323 465.149973758588 464.95579640085 462.985710259987 461.575265344731 467.162287046596 472.589500485375 467.525455324475 454.87658372789 449.562793739204 451.896016795158 447.413184540175 432.045897269751 426.171785897892 442.909218589545 467.559607947546 482.66143654136 490.810718860807 489.759365543473 471.854503569562 445.607603027123 423.111145710678 401.985212754234 383.960872378347 381.518974452914 398.017304006315 426.660069702686 458.688104469868 480.171612813029 475.00187146777 443.899273211728 407.824176419235 389.164909865016
413.572248624565 442.646842415612 450.646151175407 434.958216841623 411.47337914473 395.745744121542 402.070524257667 430.913008819633 459.411010678752 465.760472178454 458.146438050477 455.403808794998 459.256148909607 460.042950141426 457.003757665117 454.842089686575 454.782421743274 456.54668519808 460.482762960205 462.195456120853 460.999726872648 461.416225665618 468.40551487091 473.222952080331 463.711572909803 443.058529205013 433.906795109605 447.222893119527 469.806348958334 488.143379092733 501.845997515576 501.784908861296 479.409118422752 449.166388896209 428.974939207683 415.819441139568 403.708279413547 396.168909059299 396.956086145947 406.268270016206 422.595851105168 440.710087812572 448.537802045478 435.593664708266 406.423435028687 382.507546567572
387.166909449548 413.735813099573 435.737123168445 441.157775045807 431.611359303805 418.273325160477 417.33120806144 433.269730108871 451.72943515918 457.522942749842 454.891258233253 455.70049290386 459.407775430999 454.621892858136 442.317970283406 436.113034554493 441.864807648412 451.308968039916 455.763551182954 454.344147692163 454.603687530883 461.273349888638 471.55133887764 473.632069918755 461.359080227104 443.185843232295 436.963342217632 445.822832425252 459.356566546549 474.667878412941 491.997841819308 494.853679425586 472.49897835945 442.245958890787 426.573868101038 426.201372966135 429.866133431242 426.55105606934 412.88518469775 395.299416592433 385.705217961191 392.580333962282 409.021554220746 414.389995564136 399.271607306557 382.153170833176
