GIS/rasterFile.asc
NCOLS 99 
NROWS 99 
XLLCORNER -49.0373831775701 
YLLCORNER -49.0373831775701 
CELLSIZE 0.990654205607477 
NODATA_value -3.4e+38 
[rows 60 to 79 of 99, columns 0 to 45 of 99]
349.44710548937 352.535348478036 366.301736114938 391.375552498051 413.812768552672 427.325302874877 432.913543734604 428.372914785487 415.932475872944 403.445955148644 387.695011200146 374.698467398289 358.846671874463 347.733145284205 342.495952983596 341.504078156266 349.465732601759 358.275872463744 367.068735729031 374.725679669266 383.121146450393 392.512987959807 399.745015428349 406.134490748433 398.869202049583 382.181735031794 367.17212824398 358.214255729376 358.305248741053 366.089145994549 375.711965624631 381.323685537236 381.330980052298 389.852090799582 403.028153285563 420.209444798336 434.409952685402 440.45059427922 440.640854236304 443.340632248254 447.345784682988 456.381272483519 461.86484385268 467.177531850725 465.298877166233 456.891379320431
361.472200259123 363.056145980701 374.253970121937 395.623753165155 414.300578908089 425.797464330223 428.843009563876 421.866362672532 406.867759013216 395.511770943967 384.291354250841 376.237249840841 367.890627874907 361.595727363776 360.176536421516 360.489577863955 366.710686375888 373.88406401573 377.526104252291 378.849287616429 381.535093641342 385.215818612741 389.532299374679 395.141112524395 391.653233750825 383.292773728665 377.904197574159 377.864593148666 380.42835008852 384.681485955589 386.593952474769 383.701009860519 376.390476690101 380.881709537391 393.412017132076 413.095380074957 428.871871750549 438.093920213515 439.373940658958 440.780949932316 442.922072291807 451.503614998859 458.404342253504 464.712551363732 464.226228143804 455.581763937095
384.377545302502 382.779016784782 388.749496718888 402.276391202389 414.031269623913 421.185565650298 420.482674778696 412.084440646252 396.839652125687 389.114881669912 383.87794625408 382.089893431453 381.632104740036 379.371680811884 379.942135150175 380.047660066881 382.120213048932 386.787478634478 385.536788861089 381.937527513922 380.263317139295 380.707839849352 383.96429426334 389.705316248775 390.258129233053 389.522062078833 392.358216882744 399.546040065846 404.836404688086 407.235843374061 403.572249934388 393.629364456826 379.552491393047 377.957550385067 386.625482552908 404.264216756573 419.018677267264 430.697868879645 433.701396124015 435.051136490967 436.74177856199 444.881798852235 452.890280128724 459.89070949899 461.779563127905 454.801165719641
408.936968803368 404.42978958746 405.371293989654 410.751483724503 415.054318420151 417.223988662932 413.173832916377 404.923993639064 391.650011053138 388.108531959671 388.367692269676 391.290921252932 395.538113408889 393.691373007665 391.699409887141 387.549339283622 383.034062464561 385.202809280614 382.374074517957 378.698261881309 376.937465304691 377.410633003932 380.805001235184 386.269287248964 388.469679754137 391.28299278295 398.319618504682 409.616117944347 418.438373746237 423.941065150662 421.743116137193 411.062463680591 394.884326242962 388.916666781096 393.045368681165 405.854705446149 417.859675106446 429.357502944713 431.906448507844 431.389109838924 430.485952184413 435.109879185991 440.59432016792 445.616269256631 448.658934352693 444.64416230213
431.277677792484 425.418477237711 422.129115660437 418.981374306968 414.433278705218 409.045892566598 399.852976292714 390.984380861294 380.656248014318 382.464699268932 389.784891736692 398.509898404646 406.788008885244 404.399748880923 397.516513698447 386.849463569721 375.692077655219 375.104864646376 372.579161005034 371.746230756926 373.256995018012 376.900759040611 382.746729009075 388.723794673777 389.957256184366 390.705439633966 395.814873515907 405.855128496932 415.975552435423 426.222551598612 428.984343216823 421.905605324876 408.190450292046 400.771395692534 401.675790058843 407.933634657886 414.361952954361 421.287065020496 420.254282142648 417.245027509501 414.836656064271 418.331346747807 423.666644200591 428.168465228935 433.029880137628 432.906173546411
439.4689396658 433.146566495184 429.151789954662 422.116313046636 413.124839478534 403.116393255013 389.775248868086 378.075246134226 367.556841368577 370.784990363818 383.516506425935 398.728961684982 413.204754968566 414.084417822796 404.804602657623 388.470003202639 371.283615292377 365.929105044729 363.131714288735 364.91880259842 370.403435840913 378.753724085419 388.63250871486 395.992471856402 394.53229779565 388.852537408165 386.510515357211 389.371888518124 397.291812966031 411.810004894479 421.649680377478 422.182075299229 415.84661511043 411.481636981293 411.254924558779 410.486402814492 409.36375316962 408.290294646345 401.52027994949 395.743270987017 392.705901094362 396.467915393124 402.468970492524 407.616645830951 414.261729627951 418.27833442542
431.821782338912 425.104978716619 422.572750807573 416.087080371329 407.99507660588 398.376360800531 384.80512901118 371.068220964339 359.133665009367 360.020669986473 374.69388192591 393.942591017931 414.429779385851 420.460890713031 411.588341652979 392.216594662878 371.073812477102 360.050121406464 355.500133988331 358.794199226009 369.043467447917 383.345275192335 398.568978473927 408.04767787375 402.751348447799 388.609979779511 375.386893158657 367.781539245077 370.396685554862 386.605988661255 402.014614456673 410.047392109409 411.086805191568 410.756839597195 409.198224429358 402.064287405089 393.914996445508 385.404554596296 374.305392052746 368.428349104729 368.136444059746 375.476067939857 383.84950063023 390.518635110227 398.095873814523 404.82881303997
402.687914163495 396.580238113504 397.881900274507 396.988428517785 395.571641256341 391.851937151736 382.32186122916 368.540542777327 354.805612845614 350.748214119199 363.312178451307 382.618447726751 406.500030521294 418.061696767692 413.178294416948 396.145434171149 376.321361439476 363.672200521252 359.383647873556 363.733414149846 377.104870479327 394.328286077168 411.531411752899 419.898594072599 409.169445641928 387.173284019162 364.246267622852 348.237348821597 346.94136099837 363.602999496655 382.276365045298 394.97489746547 400.132849423785 401.80091363519 397.564261690729 386.824098354313 376.461120469348 366.020194446701 355.1274721415 350.650627319025 351.550579847715 359.105675804799 366.158538432641 372.006287619444 378.53333306229 387.049835168691
376.923615336606 372.228955175923 376.35942557802 379.675380147068 383.492646506449 385.654497970705 382.041929269207 372.000557649736 359.569439111185 352.486866571554 360.518131562365 375.721936328929 398.720715524028 413.305611861304 413.08917628787 400.967755012883 384.725891243583 372.435461151062 368.615430304645 372.61415455499 387.797822124276 405.826741707695 422.441849146665 427.475018004018 412.088159559864 386.155026238177 358.525238207098 339.162549565832 336.680774428093 351.541362036105 369.910519455244 383.584038650007 388.879516641502 390.314153589369 383.039966362005 371.407619281962 362.224102076439 354.187291992994 346.755786546211 345.361641240916 347.111024021731 354.140504443397 358.535817110843 361.799311840207 364.830396056281 371.664092092097
365.240012060014 364.030759719875 369.82199052438 374.372482755024 379.929745510602 385.540614652992 387.135996803745 382.964129100922 373.945903084912 366.083278162169 369.23774949519 378.199656747197 396.045263921455 409.096082249694 410.609570233226 402.763231636937 390.885975288655 382.609530453891 382.213359516825 387.668806249066 404.834141545793 422.319555939889 436.201692123346 436.74270997333 418.630099192473 392.661699921659 365.273147270227 347.577504845338 345.982579123004 356.842526041149 370.660622834597 380.234342691282 381.339646501465 380.386522710188 370.615859595983 360.792144342879 355.041311909807 351.359473312011 347.320995005285 347.592731729553 348.643832729985 354.635706600532 357.685227927925 360.358775010667 360.793828656066 364.859845503935
368.566975064905 370.663727350684 375.732484112583 377.97865031908 381.562487256365 387.725889388729 394.086460666368 398.639048997363 396.92799638603 392.257024150564 391.531524560587 391.897335189591 398.788483391756 403.736883143798 402.678767052912 398.108318587987 392.401968634656 391.653860569597 397.386544734613 405.851665422984 424.530049722006 440.412997927554 450.959323449335 448.242653451141 430.384587230563 406.79172393994 382.364898564745 368.293234872299 367.36750095534 372.259802593217 379.035471803973 382.064120974188 377.357751316914 373.349250536031 363.842204014106 358.097352953693 357.054757470882 357.394385832305 355.219727541639 354.319017675803 353.018524019779 357.903064868122 361.083574963682 364.319787955661 363.419594852956 364.563049031505
380.154658853866 385.803430298217 390.024923648262 389.099641991794 388.844972671744 392.403499712593 400.452018900379 411.629072972285 417.435258560681 417.978222626496 416.246652860009 409.311164867685 404.262516017823 398.352866784225 392.110035295959 389.11070894942 389.894556800889 397.332982007195 409.59321372144 420.476158909259 437.965453137599 448.749873826203 453.840571721824 448.348718093671 433.575545506508 414.866992549809 396.229033171708 386.448707605937 384.635281299166 382.489953124997 382.453092829715 380.431521699729 373.256191238466 369.325268037914 364.287283020045 363.828247317951 366.368833945152 367.847660056893 364.196222649168 358.913258486408 353.495298757095 357.30250596174 362.776766713079 368.923534470035 369.878629682504 369.449035302732
386.190843224494 394.845573696844 400.353936603966 399.795878416044 398.735615189625 399.705592576878 406.731092274063 419.497867932474 428.383851229558 431.551790823766 429.049978934832 416.917929071791 403.325306638984 390.094761328256 382.393258135175 383.768019473484 392.374719915857 406.198454945923 422.199867611024 432.626803824979 445.27433981507 448.634400728039 448.214933620302 442.015267432507 432.103591480155 419.075555438216 406.132227739543 397.593547754166 390.772727674735 379.125089032498 371.218622464202 365.405442713425 359.567190155226 360.45569988051 365.003933990062 371.935371485402 377.65660050764 377.918470907451 370.262324251997 358.48664741641 348.182806898922 350.914906484151 359.999609735853 371.410937426576 378.962505854184 382.007531013281
379.987234312307 392.164734344131 402.09312985986 406.429159706838 408.814629362373 409.2658720451 414.849648981094 426.225673601132 435.096306387266 438.439525172422 435.241081345086 420.333740782474 401.587853700392 383.87032462136 375.975306870384 380.811421693003 394.31872756058 410.973936582976 428.316191864678 436.985872446205 443.255366090718 438.073082114206 431.195463524262 423.470405616 416.439706492223 407.345105009029 397.970381905727 388.60108304287 376.338927914645 358.416033756539 347.503924215276 343.154395098709 343.289072262943 352.169880589454 367.18654109393 381.530409053165 391.040272398193 391.462386309258 381.140048610133 363.207748438613 347.040110356799 345.077425877204 352.86361192062 366.332277525765 380.331313007732 389.234613451709
365.614691653599 379.5575997606 394.141012485088 405.857162568136 414.250156388251 416.529918076224 420.289201854983 428.269329228623 435.425260799286 438.31125253846 435.800954449501 421.118170039565 401.399786894001 382.710380610169 375.583908041552 382.34526068375 396.603550178394 411.206570351611 426.457845753872 431.713995488145 431.704953376484 419.26056400419 406.763828483587 397.244817648052 391.559112874116 385.614404481516 378.975184397292 368.284978675666 352.261599263199 331.728152091897 320.693891957424 319.649168009039 326.102388284883 341.893968285416 364.563611459928 384.478883985039 397.884284205517 400.916787660296 391.41942224695 370.820595243331 350.927365423073 343.132362414051 346.22236492028 357.818526249444 375.70326905857 390.680872783855
356.723769676011 368.663021615372 382.87865159758 397.403723957505 408.827764224713 412.93230782597 415.637496337756 421.152725932244 427.181852194714 430.563718778372 430.8050395801 419.704458500199 402.40402678393 385.429247508462 378.634798206866 384.625223346659 397.099929384084 409.007289703441 422.875013460952 425.401370503368 419.762937104916 400.936406130455 382.305733227283 370.043945647057 365.334815874852 363.5165786206 361.048945260695 351.201530136858 335.235535339875 315.780173676739 306.975971291752 309.712132042884 320.210109476547 338.863759710781 363.682247205794 385.317238805638 401.83257754263 409.090979367097 403.454791684799 383.25712669109 361.664963787864 348.275361829582 345.187495660809 352.255532799136 370.89195865306 389.012894409137
361.471462989889 366.867509848824 373.846874872154 384.34714396919 394.033596137672 400.026111467511 403.654322413957 409.513138217891 416.646326029087 422.291578686987 427.911625941387 422.749737284759 409.734263828606 394.710786443545 385.379324323437 386.926944164394 395.224521520653 403.613849753447 416.395468030691 417.560739326788 409.995114320604 389.607351554896 368.620613916262 354.896881084002 350.243492714598 350.11005718479 350.385211965623 341.940554797062 328.220681201751 311.231037990925 304.046303148767 308.155499072297 319.224635858673 337.386211389367 361.572918410554 383.806799303547 403.44901145602 415.463662330234 414.571981009347 397.305768737738 378.281722801649 363.533384088967 357.054666750756 358.837577791715 372.758153801205 386.972328645512
379.058205601794 375.813437370467 371.667136554393 372.726346205548 375.493665243426 380.287530898146 383.892806112692 391.303191847519 401.072786643005 410.731579390294 423.780908416503 425.894623418825 417.791000138257 404.135175961253 390.344504592708 384.954951843253 388.226533312554 394.443714025781 407.477353203637 409.561112156199 402.88764540532 385.084192439936 366.688930332827 355.575091915141 354.04847635024 355.605743591143 357.273007966565 349.332407133155 337.36656648491 321.492733783767 313.755794195683 316.64038695259 326.035710529334 341.394287596726 363.20921334579 385.300368408703 407.435616487569 423.176828192511 426.563655519359 413.059741340082 398.208076452553 385.127391968679 378.283522262756 375.995047648757 383.102989142099 389.284122773886
394.690935144245 382.912939799491 368.72071617493 359.957456368729 354.934684319722 357.181763027342 361.216247211938 371.882059444328 387.206074835331 403.727423048229 424.921782917786 434.065609706999 430.719881090765 418.23357798734 400.567599122258 388.15138828936 386.5612798547 388.807863411996 397.541155727592 397.225562682508 390.131264071437 376.608205264234 365.561938321137 362.600233984244 368.750712494888 373.651192537768 377.687214780821 371.037145752826 359.953804451015 343.587607080018 332.983443630589 332.09463296759 337.44949603905 348.311579291909 367.225372500875 389.369098513741 413.933227021653 432.851884592338 438.98879018851 428.152368512828 415.533253507732 404.365865246601 398.112204219811 393.278996417674 394.050036540806 391.946124125329
399.718825356273 383.31774436927 365.026881582205 351.043371121302 340.581262274328 339.017382807742 341.381281972263 353.584293857248 374.171044772603 398.372030209844 426.062773288618 439.729567857359 438.43251322291 425.549743550316 405.464056541673 388.906040202416 385.092016917594 385.502171096385 389.769546049463 387.37786565306 379.793855548628 370.704609432342 367.731391936154 373.363916018997 387.308731899383 395.062606487417 400.341177963719 394.41524173895 382.303879999989 364.328315026924 350.723079324137 346.702433539616 349.453276953649 357.837069115218 375.813779640702 399.369324918521 426.042863070256 447.241204014369 454.127737052254 444.193266359492 430.588692712053 419.552000575056 413.669931317699 408.140198878974 404.790178506577 396.81077852325
