GIS/rasterFile.asc
NCOLS 99 
NROWS 99 
XLLCORNER -49.0373831775701 
YLLCORNER -49.0373831775701 
CELLSIZE 0.990654205607477 
NODATA_value -3.4e+38 
[rows 0 to 19 of 99, columns 46 to 91 of 99]
564.861149215017 550.277767008584 507.789227159365 491.812746729398 518.241695086297 557.620771939081 581.099098830458 590.132259982105 592.215930489099 583.091417457413 554.776874366515 513.213609446465 475.553767944773 459.99258609439 470.137194512053 489.370008256539 494.42903022999 479.426908811912 462.21226880753 457.949270812463 458.445981747105 459.848588471031 468.066413712719 479.139725396995 490.462487794971 515.63225451984 558.105525072888 595.740234750508 608.7776753958 597.194931430317 571.372000369248 537.377150166173 504.065391767642 484.791822832949 484.163532277956 507.156887985263 554.58185494424 599.692656879406 609.927500726087 589.220810879674 564.682392981731 539.116845710211 507.724608359242 491.049081898532 507.509347209041 540.647286139294
550.568673822069 538.118582410906 506.297446528201 500.071233390229 526.473081507276 550.446101033866 553.931416405206 553.62133141819 560.210713503039 562.713160664361 546.777995409389 513.893547891075 479.797515625639 462.599067949567 467.504538402295 486.36094704198 500.470803455512 495.826994423147 482.46066298126 478.05263726995 476.029360339659 466.731568100011 452.746980684518 440.64712272483 442.593510458602 475.971580832271 532.954621777772 581.461340110206 600.982862841149 596.490180413264 580.147869219712 558.439518765058 536.608449227116 523.401628334726 523.1082141333 542.808299139528 583.597935267809 618.631976524799 616.441719586888 587.498059508063 565.758696566605 554.042105049618 538.739600971712 531.788148189547 548.948802410176 575.84667874299
530.923460280152 528.932642042661 517.33296018112 522.736315557256 542.272559354471 543.454836628741 524.446707203461 513.766687561774 518.500781559069 521.843458784039 513.200447685171 497.267896888797 482.19740490623 474.263942043503 475.068288494298 486.269047505383 499.956417261475 502.725591666726 495.52289049883 491.478243160135 487.306067842178 471.630108350743 441.095129337582 411.480629587887 408.064887693785 445.530380047552 504.778612888195 552.365938201885 570.448671885099 566.051317821424 552.194245618559 536.478681578907 519.946779433728 507.073360196742 505.176533882119 524.891470335409 565.260045480882 598.648313047372 597.494876442789 578.652442281059 577.489478708561 591.364113731086 592.969592008877 583.460553171853 582.028060152583 586.387089568325
512.998938311771 528.27915733971 541.465191063458 558.009175484432 566.643233035861 543.742462671285 501.765091619671 477.659267896295 477.831565876172 481.836177295493 480.837331896514 483.484238319729 490.520443480265 493.85358398564 490.225742801618 491.301962744685 500.535515522603 506.773474215362 501.368996245188 491.995618873736 482.672271025793 465.061986895107 429.459826788171 394.694331152413 390.730983033368 425.107204052666 472.688068873586 507.668775332987 518.875014925621 514.089662963735 504.724359382014 494.146696377388 476.497126035969 459.008907684777 459.627160758377 489.264028117847 538.49442425791 578.475890594829 585.216153389418 577.764449517826 591.463023786102 622.004526156802 633.493772293825 617.341033890187 593.503655014692 571.640872926299
497.634118705173 520.942394433244 550.43088370257 575.509445996412 577.198079912958 539.424144255797 483.071465286968 452.055008281047 457.133745656272 473.034607267249 482.073043673499 491.869506309194 503.933506405481 508.037052090234 502.870405328416 506.13625104469 521.047543756569 529.655365098328 517.257784309518 493.807243733692 472.753463301137 450.659634721023 416.370552958173 386.009010396002 382.676110189781 406.213096170218 435.496489274791 458.804639349198 471.164865246764 477.020120648769 482.61433965202 483.255737825521 463.657640660871 436.977465629094 436.728954587991 475.284438092337 533.242451555722 578.934426585945 588.3868192657 580.002411784183 591.067747256679 622.094883535069 637.185515958291 620.449531278011 584.933981550557 547.546083343414
494.599995817179 511.562694145106 540.52568297072 566.015822648202 566.07498272581 530.195056369314 480.986862932631 460.380608201847 478.96900383582 509.236002262283 524.850122307238 527.615520198445 522.54305997311 510.395746307463 503.659826616448 521.552790304859 551.186869351419 559.655598178147 536.740265104924 502.989207431592 474.294892633646 446.610149399039 412.21459135505 383.793357605998 373.64273784524 378.547987389427 389.755564534064 410.687218372663 437.91633008234 465.954061416467 492.757537938988 508.975992839858 492.510542173237 456.352993802893 443.75574114645 476.000055108742 533.196366284214 579.64612379572 587.41657854873 573.418914883616 574.799600796466 597.397502689665 613.32561402966 605.196003827276 575.753698818029 543.046795539433
513.214186144634 519.797480715823 537.173102628041 554.121983412808 552.750592878223 528.843613755395 501.763435567682 500.362306812973 528.349807440539 563.08780587072 579.52528984848 572.821121767172 545.446305888896 508.852718676106 494.031041250453 521.31315774308 558.31896666675 561.758214936946 536.516086659904 512.978662140418 495.619101527332 469.491474180941 430.628229005357 394.149884465981 369.973890121835 356.401026209462 352.426867414627 369.835865790557 406.48040675343 449.194033298315 489.467719484271 519.515383903166 515.188640861282 478.705550229416 449.344302709 461.821523091377 508.822100920559 554.434234694365 566.162240889009 555.172560900659 551.373373684722 565.666928849055 585.434383104314 594.641772180918 584.554338507946 569.638360380754
543.299954865205 540.311888354837 542.305974214215 545.400987753864 539.486691062883 526.109728891816 518.751017639775 530.926558571928 559.313283445849 589.155833940053 603.686156462694 595.693973085649 558.896977872389 503.534658349827 472.902036674407 493.600343260182 526.3614198919 528.592831969754 518.298603841948 524.755010087326 532.44939492666 512.749971444353 466.595380148984 419.316775856408 386.562548671816 365.688606429713 351.557418666485 356.140953043619 381.647711081453 415.817257783345 449.979307189006 483.669779993851 497.124693941694 477.016075388596 444.351073439128 438.892777898689 471.095990984676 514.793999787301 536.897329339891 535.479362953518 528.337215314852 535.53077868935 562.300318710353 589.434893911989 595.86428061832 593.688817849128
560.736634433916 549.516861264384 538.339621210254 529.603053864994 520.684493259508 515.05839953561 518.593873539197 534.104961889012 555.421905981994 574.856156929807 586.87507651534 587.726297946241 559.278093326066 496.844966529721 444.995684217264 443.910400064554 466.428365569366 477.602132583082 493.547037599959 529.77389704886 555.831099094918 539.334143191816 488.649829074302 439.45748473664 411.424105012452 397.425888553249 384.834883990472 381.116757383968 388.517088991584 397.83887831583 407.645989754575 431.611689668646 461.344750023429 470.364756186182 453.947947001527 443.525978402333 462.794850089969 501.630135708076 531.046421597372 534.857890586762 520.159904435611 516.685590290586 542.903211202623 575.285733846107 585.512540850291 585.952645095014
546.419266493894 531.58600673229 518.092067774735 510.139036087224 507.935489658433 512.199740661977 521.013025064281 530.875488323587 537.756794935128 542.866607758796 552.623615037103 567.168572964917 557.210764226356 499.279005555902 430.473429192886 404.089569996219 414.62875768778 435.952364806769 470.612043466119 517.394861841129 544.317574470156 527.042881447252 478.927724742407 437.166530668696 420.891479297662 422.424813604044 426.624160281743 432.59726310269 432.985023934851 417.822414238225 397.416754856351 403.595029192992 441.243330232914 475.599289986159 480.405655914479 475.54807835894 491.252518655147 528.373760320763 560.340292196008 563.352416223969 539.402671497709 520.348645254273 530.151480201881 551.013748793141 558.160685331162 559.988045305251
500.320309288645 488.889306325606 488.416775168065 497.88264219429 513.034531572745 527.813861363879 534.274620598097 528.941837299554 517.914529331412 512.045084822032 521.261033433976 543.983925858681 549.393272025104 507.244676575065 443.205720269407 409.281097618649 411.940498507977 430.964552860513 459.770029486373 492.135027212105 506.652280645826 489.298850465805 450.537484189117 420.114204066695 416.338282851715 435.831394358772 461.456158657545 481.800825622865 481.376390025603 451.062683164956 410.308003942441 401.716539199953 437.89744398955 481.469227505436 496.68355940082 498.383078738576 520.134395763066 564.093992629154 599.806616761455 602.591802292624 574.633679032401 541.182245959938 525.63705705396 526.810886824252 531.710762104072 537.196048187214
442.747733779211 442.153212219925 462.750996570549 494.706831558414 527.257827660953 546.331982435104 539.870841610619 512.899603900016 489.560451064002 485.045465123484 497.351369027822 517.836248046395 529.251570125444 513.035783724691 482.517534155226 468.4394327944 470.408497074543 471.479107886976 470.715840122844 472.506538364455 469.500462174809 451.984724229383 422.794690593967 402.577708902738 409.836724928433 443.508216169183 480.649371306815 502.248351259602 496.931866847234 462.795070564513 420.320589157132 407.840211766249 438.836564886231 479.437465446875 493.928557788082 495.435452606235 519.840053707853 568.526640889698 607.037436031283 612.383677901297 588.293629208229 549.938899715124 516.131519849322 501.466673116498 506.507880571131 516.746708907336
401.355144860879 420.069323488342 460.04315149648 504.834522764664 543.223924769444 558.071953356256 535.849359115625 492.704527779604 468.246780277952 474.478978818997 490.877508669445 502.595850711308 513.057929878908 523.906567877145 537.00361453638 552.741875066391 555.278171814858 531.699084817926 496.260752657514 469.666166683118 452.955785892543 432.530779821628 404.742187863436 386.21636300516 396.741674989033 434.871971421674 472.937024964606 489.274653236098 482.431149197821 458.213195899166 430.668431914665 423.375476128943 447.068993837105 476.910314551614 483.319830264019 475.920592987239 489.850070886918 530.292155979716 566.355298068426 576.401245663951 563.067016484002 533.113043222274 498.306064340008 478.114178345772 483.608781596572 498.736753751603
383.282178025263 422.142801554262 474.539427202585 522.911759523188 557.868876924501 564.598072415788 534.948900999013 493.048974247477 479.072801847672 496.15427915913 513.307693458204 514.923591094582 518.338733446651 540.99711827786 579.519786430656 613.302764356544 616.228311433068 579.208026511007 526.546134836443 487.841495344918 464.919178934209 438.734330312914 404.44161246114 378.736039089098 380.643202702562 409.909271753965 443.563284924601 462.196786378551 467.803282213793 465.061153480508 457.749280104793 456.206631826569 469.650284996383 483.611739985057 476.348645214433 453.348274872691 446.739458663991 469.903845979858 501.772210226072 520.033658693098 522.461566434229 511.171171205173 490.77343708346 474.885009290367 478.398571578245 492.656470185073
378.124061112911 424.644791649498 479.209060290509 529.822637389106 562.337340591584 561.779180178248 533.125402048327 508.629846819945 515.158519225013 541.911607817326 556.678424792223 547.548073270222 536.255090142672 549.228810900827 586.976392686667 624.138994352598 632.351746447269 602.912384067849 557.357791800314 522.292722092228 497.004578367142 463.303153557506 421.466376242734 388.480349975355 377.144715654164 389.305664952193 415.466375461969 442.039713523886 466.178056204332 483.846685680205 489.666189962836 490.332668556754 498.255918102647 503.857278325727 486.626664465193 449.247490694946 421.628126004128 425.647278864 452.681232207381 480.309369395852 498.595549805911 507.098516287615 506.510808846832 500.873320295252 499.358883922117 500.209546589732
374.378162848138 415.492207606978 465.022527247482 519.924454220528 555.412007066315 550.084470103842 523.225066965619 517.202365827708 543.591866955472 577.845709532365 589.625309371503 570.173208955053 541.551442611701 536.881504315067 564.730476853993 601.809748737852 620.813140074297 612.117578480719 587.37527564925 563.144558260668 536.547464076118 495.833190405144 449.576945717242 415.64107195292 398.150054015019 397.128592973931 414.248105626027 441.26408287246 470.589903765397 494.214061815375 503.838363647767 507.748015490135 522.139075906396 535.456052911108 521.033511271687 478.838666714326 436.729928265803 421.941189598863 438.505428649276 467.468430020353 492.534276813127 511.953695503562 525.984375491254 530.87875566884 524.438120558844 506.134901789223
362.023002855066 398.412586858493 447.586064935612 509.016264704866 550.197751324885 545.388588721356 520.153944470709 518.869977533512 544.748300186648 572.614181264409 578.603278901118 553.554147146055 517.38780038648 507.827381131923 536.84277452998 578.690247860626 606.275356041215 612.399051850649 603.147499314013 586.960962478251 559.959706321916 516.504737286733 471.397681353515 444.799043627999 435.889157598991 437.184378202134 448.278988146159 462.38163349908 476.238332224206 490.807223380011 501.084562983637 511.958761566396 537.158443332694 563.51993230504 561.44236418686 527.2047271244 483.997868948998 458.625962244489 461.942366444071 480.129475051845 498.17439178296 515.597591527519 531.777516300566 538.885324360439 528.35290872923 498.132397232282
350.195919071041 382.65255249358 433.758934167682 496.361093112773 538.262881038467 539.336741101974 520.334688548657 511.111179559448 513.617141855769 520.136660373129 519.732270813444 498.954963862373 471.105637014344 473.726277905706 515.412109685286 563.485191994959 589.761124964577 593.150429464704 583.441918171624 567.716242159632 541.888049235491 504.260620583552 470.742817932271 460.685683284489 472.784847564874 491.420846029002 502.250601670613 496.141065079195 483.815705094622 484.747918674346 498.644171816793 517.827967288125 546.422719748509 576.032650935667 583.388789405749 561.342030898102 528.502213455734 507.270588246411 504.418752378422 508.609818643632 514.286005095569 523.367718522071 530.492851267075 528.353298665081 513.646677477238 483.275308666654
363.86590482663 379.355758109008 416.829966115288 466.226754396442 500.970594252733 508.476847917555 498.444458771178 481.064496763503 460.91086050465 450.85786279945 451.318687912957 443.291671713296 430.604305060968 444.969851556268 490.911422648489 536.048838678413 554.162891206462 547.129939013424 528.857162450511 509.743784318732 488.455117586749 466.550371268502 455.246339520182 466.806733702422 501.425015870766 541.236047800479 556.75485435422 533.457124021263 496.956829223046 487.614110091294 508.605217358961 534.087764943073 556.600809249226 578.840478886202 587.720837254776 571.598722424043 547.073807008307 535.55695482982 536.052141024978 535.299938949506 535.376469671283 539.222293468679 536.65961147398 522.581824899797 501.957434939969 471.947460144041
406.745538075967 392.562919801213 396.08545064538 420.186288335513 446.421344754689 459.51921833591 457.100054775559 441.415451708993 421.122226001412 415.052566497115 425.094522638724 430.497195878415 427.090497310754 435.312324018661 460.642352495173 487.852671819222 500.348946825168 493.647992197006 474.140754814524 454.332567522491 439.856589693418 436.199134179569 447.760904257099 476.895149100373 523.830917385397 574.870759573472 595.144596436628 564.380969327227 513.46876740702 498.2132597809 525.542350985024 554.721223238114 569.67063368603 584.840117111415 593.114148615235 574.347008159801 544.293447225122 532.784380807947 538.201224265396 541.82335414108 543.533614577803 547.055645392631 543.45628692028 527.593504296628 503.619536055038 467.896442560906
