GIS/rasterFile.asc
NCOLS 99 
NROWS 99 
XLLCORNER -49.0373831775701 
YLLCORNER -49.0373831775701 
CELLSIZE 0.990654205607477 
NODATA_value -3.4e+38 
[rows 60 to 79 of 99, columns 0 to 45 of 99]
525.358194582427 553.378759127377 559.735990002749 549.26542057306 534.520245302215 523.119869351887 514.366895462972 503.2568710876 492.336214609378 484.250356339255 469.997501647809 440.004715292925 403.04175347592 377.735600697542 382.813039672836 415.096445574688 445.340354036223 456.608408953918 460.650974553142 464.018694504207 463.59403892711 465.171935559498 477.358107405587 494.79162139467 510.471512725467 517.586901537472 513.523112913257 507.090221372878 516.869102156391 546.703874667392 575.911814488055 582.409955124469 566.642282727706 533.263843177344 485.76751095685 442.21303845997 436.941638319173 485.926825672035 563.596454522771 621.610237268305 633.677679594703 611.824712084747 580.360240771936 551.581437885453 530.101542939666 527.571792499201
538.56291845195 544.368831492662 537.480418843677 526.52125141408 508.822751671428 488.818441715101 475.520142987612 466.845930410864 462.900921147188 463.111305810779 453.700372844727 426.43064041253 396.212617555525 384.898242754146 406.389021490551 447.618038894093 474.074955398012 474.269079763434 469.16300939038 474.889052848981 490.557191942717 512.576150463122 537.623939289394 556.35019354589 558.820058962059 542.494250886589 515.994786785396 496.186953675252 499.848009194841 523.621218781976 542.00983505478 539.858901450587 525.021576904732 496.125508151657 450.150883690147 407.236964406398 401.286926452465 446.555524443583 522.540079547458 586.2264416896 612.645825465452 612.411252122101 600.158021213039 573.278185979391 539.791313197833 530.15421872021
539.501713268394 519.301961149781 498.877168246993 488.096073528022 475.899121359181 461.490379665129 451.499473810973 441.72299241205 437.420161944494 442.271986376543 438.64138216832 417.006690312361 396.641024810256 400.334015326779 435.558804968851 480.262908301695 497.036941919254 480.717355717624 463.470285023597 472.182735364463 504.153342106751 540.812393380667 569.018874405303 585.014396878699 579.892657428936 549.047798827322 507.619583320651 482.329464964359 489.040037582295 515.855574435131 532.172360685928 527.514071735676 514.644819297903 490.209544286248 448.026064173575 407.271222706952 398.791837117787 435.571778057052 502.294179263017 563.301310305351 596.900931021133 611.929913295024 615.164929715761 595.256248458459 561.305899968017 550.34312579778
534.410123474525 496.084261344925 462.069354322972 445.110605334943 439.120923458368 441.728004983786 447.915990040238 443.569966500951 437.538893543787 440.642237299973 437.644413047794 419.910095856738 407.977791700476 422.256936149017 463.609440407512 503.613105097907 506.017329052537 473.303571902155 447.650001758831 461.354880611559 502.865258017805 538.115734695123 553.78403077248 561.329256088228 556.806004066077 528.773393143679 492.314684422788 479.069200242467 501.122301853419 538.040112456903 556.266318374817 547.139876383282 525.814640083407 495.355876113905 455.759060886837 422.550761525971 416.29718926383 443.847377197416 492.850142688523 538.831496233986 570.228869491278 594.997175623291 610.500701019134 601.789606372431 579.830089961323 578.059354939263
513.977142133961 471.527931934605 431.649811057812 409.37512951317 408.246009708871 428.104874957214 456.44375061434 470.508373302391 472.522443572381 471.267922663644 458.993553603018 435.070937572683 421.257249008331 435.186111754117 474.450030128646 507.175184115407 499.427507088081 459.385739601726 435.239187856186 458.770943194215 506.767066906113 533.579230809995 530.590135197119 523.05348114457 515.704528213466 496.697731172787 478.692222268218 487.914257857995 527.320838856405 570.938126324054 588.013822230171 571.22161140441 535.268996074545 493.613826266902 458.070793348122 438.294396601508 439.122969878815 459.43163404907 490.292984127744 518.965368075676 544.441501627638 571.38557751797 587.356498814245 580.104234648636 568.116415976592 579.905767539122
474.094917595979 440.184998630966 412.563954890811 398.944575972111 403.248135999023 429.139308414277 471.13009226305 507.726693289826 525.336913877675 519.464629121476 490.809305033858 451.682910523201 426.752932601516 433.328285321532 470.490700674201 504.872295304835 500.485418462793 463.295757193654 442.613874114827 471.349389413078 522.635833769329 545.770596288703 531.827776712951 508.697764992114 490.991774982635 475.828214555143 473.303955841548 497.774282966678 543.659342460917 584.506337062098 595.344882109388 571.002838918682 525.924126411236 481.184982071268 456.171575419773 453.965551126017 466.309765335638 486.98252778435 510.835769329973 530.74931770794 547.319275310232 560.306051490969 557.890612618042 538.426337705645 526.168565783569 544.189645591011
433.261722100257 408.393297621743 402.90967157873 409.681802117357 421.051346287598 441.721943613236 481.471282527037 528.587711825587 555.631018958193 544.538576883258 502.643541942744 454.522081555375 428.144212654689 438.536543444947 482.558307343903 525.500128366784 529.071901504398 493.79465438392 468.246004798644 490.409803235181 538.385816480903 562.394268028576 549.203297377668 521.453832957685 499.131100455254 486.643226521669 489.646737307244 512.916655207555 549.658025448135 577.541475241605 576.674282836003 545.149520504785 499.430415878143 462.526478295569 453.750314892554 471.802257580555 500.967873888496 530.696633185455 558.320611833931 577.530853366078 583.0322081148 570.613463867453 539.246255121029 500.52812096905 478.650744510905 492.106738312766
417.198341142825 393.549981300408 399.567346393744 419.70887717961 436.012181719904 448.979199603541 475.525925082339 514.127203247993 536.574983248984 521.201168773268 478.180063135666 439.23302256134 434.345315798318 469.253312680897 527.256319675115 571.725458978157 570.518622036083 526.179344035055 489.271639056539 501.950887902554 545.535616141389 571.950181666153 566.314529512403 547.157676009205 533.672541806637 529.454657389563 533.265252946318 543.924036057847 558.953270724444 564.983376753656 548.91098236712 513.358930963653 475.618989721584 453.094661528822 459.258299414474 492.628921955489 534.663351463483 570.351588087216 600.741560754469 622.815105588361 624.644145554311 596.694055106587 544.731509995715 487.753040236738 450.138581117985 452.298207317365
436.378759634215 415.510658185389 416.904689205003 429.863524642852 440.324507988155 443.989833557604 452.884868479941 471.88858956875 483.187511800787 468.374081737802 435.685003803498 418.110804596738 445.438738093312 510.152336967475 577.887841067093 612.631298827106 596.408867610503 540.754565133019 498.587100973521 510.905935135387 556.098812557816 584.907122889958 583.262280160179 570.608620554273 565.807962761252 570.122860992097 575.474980348385 573.602761381604 563.660412054964 544.696098472095 515.810936103798 484.190569270053 462.944341621342 458.574648851043 474.419256661359 509.027444668891 546.274224064117 573.174520815019 598.322731124599 624.787002348845 635.014962159533 611.872012173619 559.812572563906 497.309089657584 448.277450657278 438.069126511736
482.856612268322 476.23603952708 467.22907908562 455.932979832607 443.738045890236 430.012069007726 422.890457814515 428.922027268318 436.517775873004 427.631216617026 407.456732345205 408.039020248879 456.79404307517 535.844530496715 602.094570394337 626.978059255733 606.642010454491 555.977547758036 520.211257325393 533.689440715986 576.817905256866 603.963962060518 598.600404844561 578.62844371241 568.433004825923 575.066571126158 585.234753261345 578.932591389653 550.985778956775 513.044407362046 478.992185120278 458.27441779521 456.390452691573 469.744421748074 490.719011647377 515.66075040489 535.823230601005 546.097477825501 560.301689012896 586.364917290571 606.017566083965 597.42293929395 560.615516377098 508.413877965374 459.884759264183 441.456198251466
538.47483532094 548.742738897499 532.146065959034 495.188919976074 452.309308699317 415.278953447599 397.987529546653 404.292241905003 417.180784922192 415.012370864779 403.495806372524 413.355085561557 466.715617818004 541.186107306797 597.38197900417 619.835358097417 613.705507249917 585.838325356626 559.887194606353 560.478139550058 584.961019690919 605.460051374439 598.680982557348 569.430524067492 547.570353429337 552.828193417294 569.468208069516 565.412394031429 529.362160095513 481.315131016914 446.345014319125 435.720299300298 449.602686980816 477.437197601588 503.270025883808 522.19990604587 534.45388083797 539.039817707595 544.140434096941 559.280584270127 575.238250760457 573.24499401201 547.808641207338 505.057917792826 461.172975598612 442.18617163786
567.295321380354 582.558229358578 565.21872866912 519.993327105103 461.260731595666 409.790620366859 387.860539315061 396.946234928018 413.228334288779 413.662789490346 407.403057534331 422.656962153781 473.000441248937 535.059262609478 578.647083984212 599.836438338725 608.421952080438 602.547003745986 582.40745213187 562.288494592147 562.641933111687 580.672940801676 584.442368475079 556.168620793618 524.472234903526 523.083124655454 541.605535238131 543.944840308115 512.415860063639 464.330330534232 427.147297097785 417.885292785755 439.052839647972 476.26079230207 508.549371117339 531.9284249695 552.13301052172 565.90261344667 569.120223991174 570.621291417894 574.630247961462 569.706799887964 543.122373265934 495.799447702945 448.932990673187 433.083679216193
552.697520691704 554.864535229096 539.456987766267 506.55857551954 458.667275963672 411.760507955089 389.095138990669 394.787126711677 407.926521400871 408.939212340875 408.944025101795 432.357204078996 482.487277976367 533.97119822736 563.32191738716 572.889624194611 577.143407056904 578.541532983709 565.827995956787 540.341508600644 531.156745183696 552.538372816281 568.413300616286 544.870654731219 504.676791776031 489.322223598344 500.231033015754 509.755601248254 495.040607514185 459.177067619986 421.683312409286 405.886975337479 422.274470995146 459.365373112809 497.101189444159 530.233233130449 560.59816604618 582.238959116768 586.680895805255 582.603119171341 580.410501466053 573.448541371184 543.463968095931 487.568073440132 433.871983680654 421.351101922454
518.697748479292 497.457721125066 481.692340050874 469.756535862969 448.332467890219 418.119425802672 396.412411465653 394.080135985891 402.099356008781 407.360667959609 417.485375056476 450.541779906059 502.026543849059 545.269692847297 559.718859977205 549.947942732955 536.107126017516 535.508484935151 536.792044778687 524.953104206015 518.753131690563 538.298339458639 552.569127848862 527.690597077275 482.020626985448 454.809066037374 454.994511172209 468.049916411729 471.438075713396 455.147123436685 426.294632397066 406.048265949921 408.944482695463 433.48027558958 469.681438804822 509.230392197515 540.861623297501 556.772822535329 557.517487878003 554.696477114239 553.610959303111 547.24849866397 518.965842532802 464.641339068657 412.881920937823 407.370610556489
487.978672149565 447.990440568892 432.618181818356 442.062501694901 450.258433654057 440.886961389719 421.623993976449 407.964366829196 405.460392170689 411.282422622965 427.8056191902 464.491232109553 513.283833365296 549.434294608694 553.656405392353 531.660166347101 507.86748043496 509.8157714387 527.069590005263 531.4592983562 527.375607787292 536.213917632228 537.994927069577 507.574603023691 460.953905342716 429.986781785745 423.514715926535 435.472808334065 449.007082851139 451.068791558824 439.51657514094 424.649526983293 416.771787948402 423.729117352384 449.691783588679 487.368640212388 514.202859502353 518.419431083923 511.031227439555 507.02187427302 503.336717871394 492.050465849502 465.770806752209 423.023727901985 385.455627226801 391.389900314878
453.484282183864 408.851735383815 399.687713306382 430.543561022978 469.754135390628 487.314681275485 477.692662203089 452.368602035281 427.97118507282 417.224881564715 424.828048609725 454.036156927694 494.982450437471 524.705813141861 524.712315218111 503.798232679862 487.765529339397 500.149732830674 528.480789601679 544.11488937881 544.559454962759 547.473621680035 540.924755566387 506.298168815455 456.651470640701 421.101621760695 410.756509873641 422.406852132705 443.137460163182 460.956238673062 467.772472335959 463.580896601081 454.358546807625 451.096614437458 464.43490342684 492.594361557331 513.839311338282 510.99765789801 494.883372121574 482.407289259424 470.635223512394 452.677151962017 426.742624809218 393.769687563281 369.272121325763 381.281495237958
424.828645451612 387.353598865632 385.121579299224 428.250909385781 488.381394394325 529.803452440099 535.754961260437 507.1594167723 462.951621908682 429.333902915773 419.5537930462 434.284679120589 462.516395736504 482.689159989009 479.041322178741 465.750320180055 466.393373469768 489.652614340953 521.402845380966 545.204325869011 557.109943310312 563.199513074979 554.834865288484 518.661556856128 464.277407664732 423.196843222174 413.112927685298 429.499783500662 459.095094463163 490.884233443021 511.944611726013 517.014914130518 513.946486278035 511.674696538284 515.350051160705 528.554826151226 541.825234653511 535.633566060762 512.285812450864 490.299376219122 475.421812425826 459.849036777676 436.436979898268 405.539238266893 383.715293201 392.111760201411
425.258899452204 400.110556299522 397.938427196241 432.180227257981 485.693815719465 530.204744390415 548.39500998189 532.119079707666 493.271864395235 459.448897717873 445.726697966451 447.965064753757 455.969353356343 455.863597465071 441.951746052661 434.657581995886 449.927417919594 478.393180876618 506.319108220759 532.945803430484 554.315079739199 562.798330351729 551.064727135856 512.696553967747 457.451472006853 420.413461511576 421.16966882744 447.404371860137 484.147946753914 525.9344911461 558.826496969873 573.193251429001 578.251484342352 578.703589959522 572.025525467202 565.707370330602 564.873089658804 553.535078073665 527.970629881748 507.651573726674 504.244657454834 503.446887250784 487.328814566151 454.504695506429 427.784676901625 428.046790380095
454.657714423735 437.295947767985 423.733610846864 430.338975755372 455.384320809966 486.452925023057 513.18312183969 523.144736597794 517.183200348984 511.982320569041 512.90459412247 508.5530513664 492.478816502791 464.32694539708 432.987487178601 423.939012364633 443.781967815629 470.989009885345 492.572220266025 515.408903783999 535.881124967654 541.819029054444 526.691046997434 486.943081447845 436.091786055182 413.489967304418 433.191454326785 469.928449325447 506.548141199301 547.668087438401 586.017746979519 608.334059781394 617.658831028338 614.656033645634 597.650279195809 576.978376906371 564.335288849096 549.643489656671 528.741655021066 519.600280040483 534.232150876811 552.382249269951 546.455964397156 511.556980630301 477.072350902586 469.170491278941
491.616135756587 472.286616690436 442.584869352736 424.38414912165 425.896794411467 445.04950828283 477.958211934924 513.70200224881 544.186469295802 570.332429956219 586.136155289879 578.917865482576 547.140706630026 499.010585794962 450.990721525006 429.883511567943 439.721997794675 461.296676933412 482.255847138493 502.637916108676 517.099940737131 521.870454009013 511.657505742216 476.3602079072 431.688106865597 423.143773697581 458.853196622541 501.20393407452 527.836608034295 550.704677299885 576.131551853619 595.009383822524 602.202229550699 596.285361642544 581.741099823286 566.656355419433 557.259328024383 547.650615264447 534.897653998755 533.122656163105 555.783265180805 585.42180290977 587.140912743317 549.163053041902 505.441975438932 490.006110895799
