GIS/rasterFile.asc
NCOLS 99 
NROWS 99 
XLLCORNER -49.0373831775701 
YLLCORNER -49.0373831775701 
CELLSIZE 0.990654205607477 
NODATA_value -3.4e+38 
[rows 20 to 39 of 99, columns 0 to 45 of 99]
471.206287203416 440.432012416261 419.114188597154 428.820268629681 458.055478769257 472.195770821341 455.698770363506 431.841359849506 428.527176650052 437.97906509115 434.976448378568 419.357494209899 411.480626612859 412.070151788408 405.925781866626 396.434107721256 403.171668273299 425.235648861967 439.002677544483 435.159758471689 425.860348201669 424.096618988614 436.471583322002 460.354395333383 472.631513846574 451.569491664635 411.30126263344 388.817823402956 400.845714809614 427.850670511515 443.97706132382 447.720333191492 449.229170200829 449.311765393939 446.92928011671 445.882539237699 445.437852256519 447.481117203715 457.694001246308 466.498335125622 458.851597795395 435.215429392886 408.827373988864 395.76991823803 408.575816343223 434.700002225679
466.860460748324 437.332636688736 422.557531826758 436.407402341624 463.574207689333 471.956101844203 449.899726927891 424.186990209299 423.61572996502 437.732881344646 437.863427735015 423.888244562264 417.478177896259 421.225345998496 419.546410559484 411.517560907222 414.721679845676 433.046551962297 446.713629832932 445.161848356071 438.331081065746 438.890345089216 451.526990030432 473.144998233772 484.483903652575 467.666576617784 434.464877439422 416.372077692301 425.450262302397 441.127197510807 441.915745830884 436.260949442987 439.250149145827 448.902519394497 455.384559384519 452.78812254159 438.729421824771 426.307499404313 431.018452958928 443.298789465132 445.335342585732 435.641366560088 421.588308332319 410.037818905521 408.186459975439 413.891072717888
472.784893092696 454.365322389473 446.14364611226 451.481794549065 460.036836479559 455.733294072827 433.631285192422 413.626604862498 416.854195073373 434.819270212377 443.33724252901 439.68495593681 437.984096568136 440.591033871133 437.410063284112 428.968899132053 429.9466449911 444.344291885952 455.936470910343 456.659511702135 454.129955534108 456.580371258698 466.169242367113 482.272896481968 493.150023257335 485.991467148899 467.388063422241 458.87956487033 467.398231470677 474.14457084305 462.607625212998 449.670075938668 456.196790479464 475.398248820091 483.344767927833 466.577387203488 432.291717023485 407.71426391904 410.181726110212 425.083308394608 433.713597706207 435.722255531014 434.380595908705 427.804177376635 415.64356618692 403.10028607897
466.064426479915 461.937147379316 462.127188382577 459.279454106772 449.956894550586 437.059445474585 421.069608431108 409.551944844229 413.290788612264 429.49960590136 444.247670752635 453.983850626474 461.775712661995 463.894851217491 453.737716926741 437.952605463929 432.905633607151 442.519113992307 452.605203606157 457.586388698959 461.742504983123 467.796836848171 476.692244853746 490.743286302686 503.520111190802 505.543074203837 497.922796739407 493.792492151675 500.23731193181 504.951473310058 492.379336924625 477.624507321531 483.836132009808 503.662397921492 505.927419110306 475.751797018175 429.754691309703 399.912418077771 398.32666158399 408.645777283749 417.515220748385 427.407407952827 437.344729317014 439.643318877412 429.203043870922 411.4139332704
441.875946280719 446.76722306054 457.056054608625 456.744174619297 443.197932973356 430.555679841227 423.081585179699 419.703852224208 423.438826743304 434.42528675563 447.09382712118 462.002668440698 475.852044082332 475.420845139862 454.192081996024 426.765649336186 413.539448620261 419.187944028968 431.030450172873 442.687526016975 452.984187593323 462.399378994405 474.107556461945 491.928017805387 510.159485443451 520.131452146608 518.341934326134 512.452330385962 513.147027455158 517.29172126502 508.675575645429 494.116201445128 495.801235942939 511.364522278574 511.419369140066 481.611316773909 437.871373849841 405.829977838069 393.843837405418 392.765234218318 397.437627334016 411.13817651465 429.28894420644 442.338277862479 443.533957019789 432.644460381618
417.56800047922 425.326293413732 443.511781679407 452.438151653146 445.198943527406 436.214455868327 432.2874204097 432.782645010421 439.316308417673 449.773389286921 457.969464900278 467.883262016785 477.196314452354 469.211807887554 439.788395904468 408.1520576393 392.327890500691 395.986489569136 410.476366791665 427.597380929906 439.410500414173 447.025889201893 458.686723446954 480.131380132915 505.124881192632 523.133525729497 526.349614748563 520.219581204122 517.706431264289 519.533850255243 508.467403500222 487.535492212778 481.431627791849 495.136836685059 502.682393529775 486.620145301853 453.700722434013 420.006837654092 395.598439587135 382.798958259382 381.696264499111 394.310786694797 415.839965140526 437.814032684317 451.706817087044 450.283414050972
404.756869181886 412.454767826521 433.616430379604 450.512274727406 452.504804742704 446.495497106918 439.831157799411 438.265941581558 447.291730003363 462.411479479297 471.420470028867 474.447194213103 472.20979360933 455.607042722107 428.452447344193 407.788733077344 399.952827589863 404.117795703778 418.17290108591 435.68077619494 444.311228611954 444.453958780765 447.941191699099 464.16153163938 489.720164853788 512.334327997931 520.864837772293 520.555837844995 522.853454968346 523.298824184979 502.939079296038 469.458120805751 455.417011497754 471.26208950132 491.700018803578 493.220587663913 471.758972890395 436.91126030568 403.65628278706 382.942467049757 375.804838853024 383.43077458859 403.878157016335 430.274393683299 451.587011499136 457.046230889742
402.861187590502 411.703054755606 431.917228528712 450.732599156596 459.008600349913 455.794888787407 446.101125861931 440.6943323735 449.876132318464 469.746426031484 483.263914271192 481.881995010809 467.924111542211 445.377749266202 427.395558533282 425.776358019981 433.685699897356 442.086968674634 452.69269965778 465.373238485067 469.214097142479 461.271225601822 451.994997865824 453.372665255001 468.200741012221 487.24976999972 499.521403694634 508.525760066502 519.723933296189 520.469413879398 493.42580359782 454.838763373327 441.81087427246 463.236882936817 493.520488756563 506.995760779704 493.00716492366 457.835896904143 420.595340152844 396.128157660137 384.380939367573 386.693021543509 404.207979631955 430.049869024691 451.202861118349 459.589086517136
402.463494128349 417.43687784559 437.243244856072 453.254539373435 462.678656465243 462.239006767422 453.079219706953 446.190169476359 454.688868872407 475.971729075577 490.861197522529 485.445150113319 463.925573887731 438.599795437232 426.199825170389 436.264500533843 456.769641940928 470.068136291199 477.008371120848 485.112418048758 487.747708301534 476.428323096516 456.364173542198 440.327960017937 438.238121440255 449.435832942869 467.295154021447 489.54776230896 510.443023775626 511.768731493626 484.30735727142 452.537132520834 449.481009753836 475.437387785962 506.153165996408 521.981241638695 511.85967225523 479.140913186211 443.387009224476 420.197086361976 408.467676301954 409.448181413355 425.275007392212 446.1001214173 457.119614635952 459.122369971375
395.218986753086 417.838522397598 440.143684316259 455.143735282724 464.637387823141 466.162428090662 458.095902365024 450.086643684625 456.822731410919 475.68152129145 486.729314475881 477.005346194688 453.606401554809 428.810807363374 415.620355291995 424.288786707774 445.849056690591 458.620022607034 461.778334284568 468.432937415705 474.273677966145 464.836472478089 441.143292633098 417.664054972315 407.740362460824 416.402084674061 442.785107352519 480.039746584341 510.931533909816 514.21818317993 489.472289294664 465.42539192582 467.812812093071 490.444856302191 513.688939864689 527.202840305099 521.295177854942 494.131134267215 461.599150517459 440.257777758757 431.84974652516 437.362820312103 454.659830648576 466.94554876144 458.830603804807 444.174890564489
377.433083487084 402.513433802164 429.515793988114 450.406867014837 464.03015412541 467.41385630502 459.33001695004 449.410321814816 452.683961024889 466.213073130324 471.278711398332 458.596160912453 437.13291659477 416.358994210048 403.616730980271 407.563969584366 422.293579347748 428.021682182613 425.373024136052 430.473341111374 439.575672174253 435.127034169996 417.828873129565 404.131406057691 402.58604010066 414.1684602546 442.984760713327 485.591828762711 520.510355255111 525.788516993765 504.21448788388 482.461447799408 481.710655724944 497.561683040694 515.494465193041 528.609938565425 526.165488685641 501.264610566612 465.428667207096 438.835034540726 432.375526809899 447.852455686114 472.134255518806 477.304749426695 449.284454533861 415.569452951167
357.477058732604 378.921156272674 409.066370872524 438.141923363197 457.818564704423 464.134672955716 458.408033409449 449.178927585861 448.750968761373 455.845683550697 456.540236291957 444.405398098024 427.60279367622 414.49927097056 408.288413873082 411.104668374295 416.438120443897 411.749800805384 402.153543146886 403.651574127379 412.738296958775 413.145419611036 407.567237681671 411.905575199603 424.572134812104 437.332310189737 457.484575795449 489.937683445767 516.718696799407 519.096676228432 500.227059842638 481.961009216732 482.362468652354 500.345492162608 521.777886864695 536.509521183788 532.440649786595 501.871132589205 454.730997956799 416.844472702837 410.520079032964 438.086272285921 472.473934140027 475.552525014101 436.617662637359 391.837846525073
352.565496948499 367.615092048079 395.967873599805 429.67712010806 455.737421121271 468.881038350062 470.591611529177 464.677489142631 458.049911955657 454.253198561357 448.753269297044 438.289367787727 427.953674786214 424.991703038818 428.383490121468 430.860305384306 425.058929737621 410.280721280357 397.287216598769 398.041074635959 407.404388782352 410.985376761395 411.775886397594 423.703215530486 441.013397369788 452.05802678419 463.375574533883 481.804078537607 494.185758880964 488.52949069421 470.298677410933 458.84629495426 468.542605352661 496.651076671619 526.007478450923 543.376091966888 536.957600812028 500.241938948534 443.420414852307 397.414535103898 391.878896704805 427.119701680043 466.548174700202 470.411243355431 432.945878589859 389.750200369399
376.518245189058 384.807084440035 405.372027672113 437.899263467785 470.609742278121 495.071251013237 507.655120198511 505.196659285826 488.995847965387 467.819706695668 448.780503573681 434.90284111506 428.385227468094 433.315809795241 444.100487067424 445.398871649143 430.854541123509 412.063784783739 403.866204134906 410.782292418292 423.547416283405 427.930196002252 425.018142818043 427.964989258554 437.654056006725 447.585460850546 458.863552754812 469.964806917032 470.905069094124 458.613146188791 442.327813783987 438.409511770438 455.513334796491 487.309357942457 518.36033359824 538.323518272946 536.024699557716 502.426081737216 445.964016428651 400.125197020888 397.000316792778 432.825325705109 468.189632669039 470.519158879381 440.303621480931 406.468017913076
422.677657793696 425.03693376102 433.693613467627 458.011182332145 493.291119080411 528.206326004602 551.525382051933 554.005067498699 532.715425319162 498.100036182511 465.554956427708 444.672455166344 436.234792390468 441.995056022938 455.258218998191 456.915547478593 441.076162629884 426.394183276438 429.128138697502 445.924118167115 462.21738131235 463.382435731201 450.396627606615 437.733067425191 435.77058628274 445.203196037629 461.206872322916 470.587430791375 464.982914518038 451.440535157259 443.108172410195 447.296377479529 462.348911435081 481.200506561763 499.645742625043 516.822919061531 521.810187071375 499.405148522041 453.892461692296 417.59849323342 420.918127985745 455.417182014366 482.221067134667 478.362003921774 452.483690661075 428.027857783171
466.387197756114 461.56120935545 457.041262930103 468.093912541548 498.519755908665 536.368896533989 565.416471973374 574.526756622893 558.853985980704 526.282146521865 493.65441455046 471.768114349349 459.437062123663 459.813162706128 471.568254398814 476.681129772292 466.748622507272 459.53203993597 470.291227672793 491.540377308598 505.713034566908 499.533317186409 477.62152291791 456.345538046411 448.125141544504 455.368988212044 471.630718070806 479.617090906648 472.908985762711 465.414815666896 470.400990756595 481.269127992856 484.779826337911 477.883778260094 472.703653509061 479.647914825673 487.531040811814 476.233753782575 447.73411689939 429.468742908202 443.677367526603 476.814601422889 493.919334806296 482.278587479072 459.71373131545 445.188071964466
486.722261300204 471.805961731733 456.106588486305 455.767888384399 478.564482611823 512.24102295745 540.24493342471 554.529675876963 549.728665446148 528.502501467919 504.983715011621 487.342244927756 472.026473578589 466.637615530168 478.561504136627 492.338328978603 493.835094499169 493.623814701017 503.71731180675 518.925306267535 526.296894422911 516.80206471906 496.225843662702 478.219426756685 469.117863280198 468.697398156999 475.74218400944 482.113871857501 484.391584920659 491.10613098225 505.820453838432 512.451991162898 496.741658276888 464.679050761423 439.50053319524 435.923234235402 441.129041728455 435.307619533239 423.589602967848 426.881682891985 452.35485877978 480.402320035604 486.630805387144 472.228579342013 460.388292140565 459.795303326104
486.970391536917 462.351227903522 438.542213495677 431.325896047626 447.36092811309 473.099869038857 495.132562275433 511.09054608025 515.142839968722 503.634958520331 486.307844768795 469.188049531252 449.675989074861 441.25250919527 457.539718834858 483.813241100806 499.79014627414 507.144065487255 513.193222522985 518.711225070743 521.698707829486 518.880518743711 510.890756418764 501.909227213748 489.891274476855 473.906136722905 464.880753578574 472.579387431348 494.501744853742 519.766071852735 535.228022867297 526.942159445622 493.665697455487 449.978627081997 417.439507426189 405.960145260528 403.071461913925 394.714863915559 391.476215210935 410.113127028682 444.023802291285 466.585445778945 464.933331597118 455.117684192739 459.606304107076 471.800658910132
480.221395708801 450.873817497796 421.339123242685 408.779640102846 417.441681660564 433.09343294633 447.367726357521 462.803172753994 472.419197239765 467.135837389369 451.675107802535 431.025026571286 407.651563760542 400.333633586502 422.842292730033 459.003430381978 485.698175488332 498.941987268948 503.200465048735 504.523975451465 509.246017186174 517.502077904406 523.888663198501 522.441631662949 504.564426414443 471.372479162394 447.074062518364 457.587635187376 498.583925542748 538.44972552935 551.324255876693 532.910107263161 497.048243018594 459.427069364863 429.736329788275 409.833820057241 392.78453679818 374.001855426462 367.452638998094 389.514005705014 428.824063320088 452.392973155749 449.88222762161 445.728141858253 459.981810746952 475.586623442644
474.098874069744 446.627346049383 414.536732788007 396.605956592278 396.520870103911 402.408250462236 410.759458434525 424.558419571542 434.069553934227 428.864222419415 413.232985634537 393.618352051633 376.362160451391 378.511079352434 406.656788903057 443.793088474306 470.027660366806 481.503927436062 484.057297521347 486.462207617467 494.642011953827 508.65590075026 523.461983491328 528.485196713817 509.404373779921 467.52907382532 433.724691558818 441.604012754994 487.339153356347 532.343419327527 547.679307404409 534.981649375924 512.814013637581 491.443456287774 468.844125658363 441.55102654957 410.981966193273 382.279133762468 368.376384963458 384.633274570963 423.083172602163 449.714987004801 448.682888567931 443.445705788909 454.690868739068 466.172918327439
