GIS/rasterFile.asc
NCOLS 99 
NROWS 99 
XLLCORNER -49.0373831775701 
YLLCORNER -49.0373831775701 
CELLSIZE 0.990654205607477 
NODATA_value -3.4e+38 
[rows 60 to 79 of 99, columns 46 to 91 of 99]
448.967157356964 433.654272694386 415.622700724483 406.541446623993 399.556159300572 402.247254685167 414.398676791629 435.131414129522 454.680572803641 462.618386169361 454.860616914352 427.446822434547 388.456336916828 359.58218228797 342.348324535761 342.384768196345 349.259488146012 350.030496468157 346.333058491868 345.592674974598 350.869602480939 362.267467611323 371.947296810915 383.805954933794 390.410276270088 395.454463608069 388.450910265927 375.785829961598 357.687314786015 344.768430439355 337.271934300988 339.512176489054 345.713483083471 356.776026639463 367.857656963184 383.138489718254 394.354326538173 410.178188111335 420.04307315343 425.612464985444 428.644585236785 422.55618807374 411.180270591441 403.612292903991 400.971818677939 400.541261411118
447.729897558485 434.556076781117 420.114974576328 412.598521565788 405.04725120071 403.059686231732 408.046908109836 422.033993790275 438.733656130114 446.429133784794 442.295016053274 418.885936172863 382.351401859437 354.372316264873 339.064305958146 340.107998410718 348.672509680511 352.290202181908 350.491923650438 350.80612225681 354.264474310749 362.549140284906 369.767515731146 378.954259616292 384.715563322698 390.084580396829 386.481673905749 379.945264304419 368.46882604276 362.232767866916 355.222205958996 351.169271074795 346.245463931695 346.881179565467 352.414037081281 368.183705405511 382.758737321907 400.294609330055 409.54762455789 414.833739495274 419.990404388414 420.717969869301 414.453601151069 409.045629817252 402.557079710534 396.593114389514
448.565037952259 439.605915257675 430.49762179066 424.816943399954 415.988126619765 407.134186645885 402.458735576469 405.591342167812 416.181513954085 422.509409550725 423.281679366399 408.113048270213 380.529183262841 358.543585811233 348.294747223633 350.650322670697 360.257411303725 366.028995952534 365.588542206774 366.21450967402 367.165688385919 371.385140142515 376.032695655655 381.592719828487 385.771457863393 390.051583140104 387.837057643835 384.99196794483 378.104132415498 377.119269196077 371.259681823404 362.348350620514 349.102578664183 340.909139504268 341.42443892661 355.765433538299 372.928453539069 391.997788758008 401.064722718209 406.202214245181 413.095187163018 419.911808481229 418.933445190862 415.513269989471 405.55309624457 394.104094620493
443.216740284908 441.358032709548 439.603501263835 436.686555403224 426.225010605903 410.514631258435 395.911220027205 387.637955199516 390.830566550155 394.214284917312 398.542081156685 391.988900546443 376.156358644508 363.228955749252 359.944516588354 364.61497525539 375.363561027683 383.115682029386 384.524122868861 386.44923070407 386.459289297182 387.385525094438 390.073393370804 391.452497280892 392.870583808628 394.296746064172 391.324149419736 388.850086736638 383.520267204924 385.896016720025 382.529452987592 372.683205780539 357.161016255149 344.820361958744 343.34214084646 357.137082770943 377.095196058546 397.625102435199 405.676253796325 408.389365138858 412.853279639944 421.27954813784 423.902599717079 422.660926189611 411.929081026629 397.533145764241
437.096383714266 441.814877936763 445.995973530349 444.666372172827 432.057871757729 410.851094917693 388.617800329851 371.70707582744 369.211573911282 371.252073637199 379.419334825355 381.759986958571 377.772956197419 373.245180512606 374.618762827075 378.993494399101 388.956861564881 398.170027066609 404.060915648284 411.447819688525 414.83683952953 414.743334308092 414.67173515562 408.64151369975 403.851222954582 399.760954982244 395.043408515166 391.92056457978 387.437686661189 392.439748624599 392.825311003938 386.193582988953 374.924053738474 363.082163139708 361.187474895848 373.24857866985 393.775834589476 414.091872468171 420.887090689196 420.791706123534 419.943809038765 424.282519726248 426.263612664408 426.547084449177 418.918109314729 407.008874014753
427.971505899148 437.262145006358 444.629150834353 443.410275471484 428.753551518587 404.588036941995 378.336397814471 356.965444939448 350.818211067987 352.079984408906 363.070577220675 372.196510126038 377.158699849006 379.064064987938 382.704726848751 385.189381489972 393.195366416161 402.778514602509 413.236370471043 427.20722868109 437.749222127407 441.36309552636 441.842012765987 431.126217379947 419.855589474961 408.202053742866 399.373966981591 394.174382699789 390.329142279902 398.325855430165 404.459450320083 404.541838421626 400.975486696081 391.77464710948 388.904626301047 397.059175693628 413.949212466459 430.686512225512 434.646413882902 431.631310242051 425.641324012032 424.911110497773 425.181971279038 426.945163274623 424.421343171514 418.272521362703
418.307043659679 429.631553708993 437.286416453534 434.27665288821 417.385205881651 392.053933156071 364.684864819765 342.798671384876 335.461348344482 337.150091062495 350.822715738844 364.764062115989 375.797784216636 382.567097190617 387.327470347343 387.672298891852 391.423961946574 397.393027003656 407.474588879693 424.390152085459 442.308268417194 453.466931944979 459.837035252557 450.254814455948 435.383178721454 417.749459641295 404.495289071611 397.51635269104 394.628138776877 405.72406707946 418.011226696483 425.234493115762 429.773097166101 423.191062913402 417.276341016656 418.67915727976 427.989870094189 439.383417465936 441.153398738829 436.967777612736 427.469226227394 420.92106425974 416.932886553491 417.653859490662 419.66072770352 420.463014152489
403.263579995798 415.922577925639 424.078946625865 420.768928729446 404.813348364484 382.829484154306 359.405064537232 340.818883072999 332.997506266768 333.46366247952 346.343706052796 361.429138412144 375.9408658771 386.604338357321 392.025474080536 390.223340450624 388.039565612467 387.708993120026 393.257746629961 408.475336634013 430.106207561755 447.687366724368 460.514884769751 454.805316781216 439.16117315903 418.443252609614 402.080821537375 394.481159058594 393.424958535923 408.725164166758 428.467486711611 442.994339477225 454.197062857668 448.436991955541 436.738673691654 428.101849151216 427.36335994117 432.725078559938 432.620364699994 428.905535861643 418.807387801113 408.376778432678 400.067063911002 398.245357890025 401.795463535416 406.862140105322
386.458544594212 397.997187250404 404.927700306442 401.861743031707 387.630295629564 370.206636668069 353.308401467929 340.503328427744 334.220644176164 334.140179854486 345.160546470848 359.666583550487 375.819549335176 389.926111670028 396.383169741295 392.914552190591 384.289364274769 376.537167848034 375.366155317494 386.372388628077 408.663459068295 430.531885305341 448.432320436819 446.888163944269 431.733346669822 410.243406614023 392.151413510731 385.950475765229 388.327023728476 409.118730826204 436.843196674107 458.145541638769 473.440260180426 466.951485255922 448.539384970234 429.218809055881 417.932035721295 417.423881396573 415.558178258437 412.588446284225 402.924659754839 390.433095766814 378.318222905427 373.339471144356 375.892776710069 382.626835780065
374.898920201906 383.093785737206 387.189885869573 385.12202987916 373.455764538308 361.03413902799 351.171610188654 344.194547005842 340.458526502171 340.467232965283 349.479252554432 362.805880875691 379.804240710515 396.683178985406 404.691313352711 400.341119470106 385.972204689692 369.663103235326 360.174664745012 364.510237046184 383.577305929312 405.664086219315 426.529400769274 429.268838505363 418.086447253551 401.007508220321 386.122848284034 383.223614010634 388.380386790848 411.374065570168 442.019736111696 464.901704000402 479.427090899117 470.428088217608 446.271166122603 418.629799110613 400.444592240884 396.822153577762 395.053631846143 393.53130561593 385.352183754088 372.730268110181 358.669192594797 351.923839517757 353.160906363505 359.234472648455
369.373141465091 374.052420113601 375.687066883056 374.509034496104 364.999901174496 355.713363363995 350.237369605831 346.768580915918 344.936013325626 344.76076658415 352.608177279337 365.572617242801 384.090924393232 403.754606726135 414.095639011826 409.920009554711 391.916111227372 368.693929984984 353.114172269216 350.694002027352 363.628804841722 380.009433286787 397.282609728487 399.873142452667 392.701233067055 384.129046518341 379.637366396377 385.861460017165 396.47723312212 418.958302096652 445.825092799664 463.495968415864 472.109891315101 460.458512103525 434.637400068494 405.35041036751 385.665522133832 380.919738716613 378.984886239709 376.9890980523 369.18464872891 357.114688218519 343.158719794235 337.739222085278 339.963811473521 347.374973937219
368.867215441761 367.661145098771 364.246528201752 361.530086310068 352.783119382225 346.040074074514 344.618826019737 344.999267333574 347.531186595355 349.936519439138 359.777127383799 373.28135418351 391.657426231667 410.634658680538 420.18749408641 414.78133321184 394.974546106915 367.405016429984 349.330751727979 342.551628560822 349.667761126707 358.570536507026 368.991610910292 368.435151837125 364.026591077063 363.931344822632 372.864416225282 391.157290018492 409.313207284931 429.989785977813 448.336267133672 456.105792443696 456.151409371504 443.159074915371 420.964695274008 397.086968547876 381.297217331998 378.429791523271 377.759536583925 375.352054946003 367.798667555101 356.639433485882 343.341487779937 340.181799667224 344.144174092748 353.014618008409
380.595684203691 375.576287004721 367.188639602416 360.546508043797 350.411426159063 343.172357454472 342.460249177271 343.382152710686 348.477964287744 353.426314102114 366.619250500391 381.22004929178 398.241528567711 413.666354639098 419.878657563329 411.309113842606 391.028107919559 362.051896728149 344.47109530016 336.203961789777 339.979471387539 343.27827916297 347.31791057539 343.069735641773 340.049824125625 346.286594316021 367.231618980792 397.252473641396 423.261114459783 441.688026899325 449.680723130554 444.597101208926 433.637033330203 417.537199564912 399.0163156721 382.832946525106 373.305320743289 374.487176823296 377.828736042465 377.933270050154 374.042147366712 366.747811212144 357.147326465132 357.392592600397 363.252706780521 373.53134988817
391.557997646056 386.403220790787 376.255755528239 367.165374488571 357.35104387134 350.794141986476 351.216098419538 351.660824445103 356.087741101134 359.527491069848 371.393352746632 382.759839308666 395.627824048886 407.162762762386 411.419722178429 401.869557023699 383.801548727236 355.968692525666 339.005684678552 330.494010036124 333.350665471912 336.016569213127 338.826282682527 335.31354012185 334.409755946322 343.335124260508 368.662045557424 402.312384286619 429.893111895971 444.039585392973 442.807776412187 428.481218761655 410.837343005579 394.050696093258 380.033243916091 371.393614301917 366.823798312681 370.426237274887 376.882338472197 380.525638365661 382.308069539218 382.302382407883 380.137735038594 384.459487937916 390.956172015021 399.668600275769
399.390699808727 398.535219245369 390.675992952411 380.573105848974 371.223238077128 364.638430237712 365.457832679649 364.74521018794 366.912159722085 367.350168033074 374.145474651143 379.491242804673 386.536972100553 394.582167916659 398.599489285445 391.099877341108 378.01171489421 354.826493570209 339.435705441286 331.59658491327 333.994429540202 338.320824860897 342.600291998466 341.534383886078 342.629252752308 351.146683473935 373.510350035811 402.895934275149 425.790011440598 433.919819925034 426.115738544892 407.331705000663 388.557805092379 373.741424852603 363.727238375369 359.993350709212 356.941019432495 360.24163106891 369.005166180609 377.863466771847 387.702403313743 396.934209925642 402.930156244569 409.534253260226 413.03784418171 416.881526727362
402.874360392136 406.628465594272 402.199465534594 392.150272136795 383.48307949516 376.604907053953 377.498964354621 375.253346626619 374.478036757841 371.674514994306 372.1077167787 371.964197748591 374.139629958543 380.068307525484 384.587955817289 379.873782409683 372.241305972784 356.41471233557 345.05330114652 340.929403854968 344.012389356378 350.551840606533 356.089246718912 356.504186894683 358.625698867772 365.202240870584 380.4816725872 400.308406385452 414.204527195569 416.27912720025 405.671706826622 387.997164476655 373.801793064083 363.578878127478 357.167728749747 355.582443972006 351.244354437119 351.108965808595 359.512730689823 372.220105022747 388.638492871698 405.788376840987 418.669657051502 425.346194342017 423.950434752456 421.848538190329
400.369376751122 407.044740336626 406.809697695394 399.384528224629 392.63438784634 385.200541625615 384.307097933637 380.0028441076 376.333150591255 371.416158151352 367.227830663303 364.483012867305 364.021458268482 368.90401253453 373.151723552142 370.465915297508 366.780340973264 358.897119183067 352.625702437578 353.655090678675 358.321821977369 366.212146989366 371.852822750281 372.095322157049 374.20004967224 378.890755104652 387.039374262866 396.929438556419 401.584460373056 399.065128563769 389.437139071939 376.719478343312 370.611464010553 366.555975806415 363.098565649676 361.241582609919 353.662422899097 347.699009865158 352.377315873863 364.885546055786 383.681573115013 405.036532701988 423.217721631475 431.195478290854 428.77919680696 424.341459909744
397.407060106435 404.318195194718 407.405354972619 403.992169440176 400.377913906384 393.811653079453 391.895561868033 387.016840261027 382.304664585206 376.547958933679 369.120555900217 364.437980272025 361.397886664445 363.886721627752 366.996727605715 366.274828293537 366.391056898258 366.245909507538 365.000186348014 369.253371607513 373.685610101082 380.241311725861 384.826272522463 384.226662686769 387.091197635952 391.985025065046 396.973522360714 399.917696344677 397.200868443231 390.823136009765 383.166424210937 375.96176625087 378.239574882134 380.072175484615 378.456849408534 374.587067242613 363.50379097312 351.899127145063 351.696658284204 360.611930301021 377.280274806732 397.32692663938 416.510990821842 425.690554189105 425.590149228038 423.845387889246
393.203642036844 399.231074235734 404.601276497884 405.846094614112 405.570836133122 400.41300128417 397.961513017437 394.788884639166 391.973355791058 387.652486114604 379.76003238238 373.779424159399 367.312445441023 365.865502801703 366.830231390782 367.196914730842 369.177304839497 374.172061003163 375.123218287501 378.915843918817 381.526199265329 385.626711387884 388.979167255286 388.103578192794 391.604116441052 397.109953322054 401.277451643607 401.900181623504 396.868022676144 390.876222019419 388.269591873592 387.403157272426 396.564118947215 402.335931631303 401.056313980256 394.532928050009 381.043135365849 366.219124566782 361.629146493235 364.821380340209 376.34044333437 390.788372660692 407.526975005533 418.323517581624 424.006937899641 429.232724742721
391.339929270802 394.174194443268 398.602299254133 402.636019972728 404.787935802591 401.916832391407 401.888072942175 404.750292155618 407.618558232617 406.891948263405 400.517780965515 392.705356228159 381.971620516689 376.073316752071 375.632205174436 376.78274873585 379.233602678511 386.084234744272 386.125306749603 386.435552920463 386.449804601356 387.725506981596 389.830110226235 389.330296269503 393.646836001122 400.110409269656 405.393427934723 407.527904060358 403.533816492091 399.393479020528 400.980224855828 403.341478291552 414.182366879494 419.142560089352 414.895104508818 404.056677759539 389.281926167041 375.561002800433 371.142952741721 372.765269141583 382.239024795004 391.928858918801 404.683099156012 415.467014290805 426.029694413762 436.708981942791
