GIS/rasterFile.asc
NCOLS 99 
NROWS 99 
XLLCORNER -49.0373831775701 
YLLCORNER -49.0373831775701 
CELLSIZE 0.990654205607477 
NODATA_value -3.4e+38 
[rows 60 to 79 of 99, columns 46 to 91 of 99]
548.655445167208 573.049839101699 572.780247654478 540.796059017639 483.338241083201 417.571184296342 383.187488021721 402.06358290088 437.096575904701 449.682790450709 460.208794751261 506.568708039454 572.595249154854 614.001683632139 615.972438359903 588.839270939384 534.177281708773 459.235903615892 408.469678031344 428.104116991966 489.173033304994 513.629999865456 470.096072543446 408.646999148378 391.989791585968 435.6137822886 498.246117070849 528.660518356181 522.202149726841 512.433025502026 515.527689023024 518.122650914578 507.459380249421 490.663503049636 473.015570179763 449.76916917678 417.841268485736 391.443408116402 397.305923253169 439.512447628273 485.980154128197 504.649483464314 496.626228454517 477.84517695667 461.077486308484 456.84586479284
558.247318952598 594.326155318249 597.504850824955 555.617579932818 479.875488742903 397.829687265041 356.175798671713 377.535270159958 421.631810353106 442.65750937794 456.717219598702 502.234226631985 564.615562761016 599.197527920098 590.848653148656 551.591698813496 487.486660971886 409.848345560603 362.225388376258 388.602436277855 462.832554933605 505.596455847967 479.61433499988 429.037092526211 413.267346212466 451.747192925036 512.122240685851 540.420212527033 523.700747238351 500.229182630591 497.969728197151 507.341957145735 515.667276964314 525.363678391732 527.506737477692 502.040659361301 446.62618988106 395.903423992191 396.887632716764 452.650398651546 512.269244895678 528.50888271652 508.40528513206 485.623499484705 477.7310539734 485.048936566463
578.865698674589 614.875601821579 614.580725530168 563.151789024191 474.138421852902 385.240644327115 344.926261412766 365.790245779575 404.46118228836 422.013991286352 434.572604061517 472.682790326532 524.411368589916 554.872360803898 550.980564096659 519.501571809283 463.75982493442 396.083086723347 358.015835989685 388.733712485677 466.051968922876 519.20366150836 511.14220196159 470.97018207584 443.177151292918 453.187089436366 490.888476383909 514.231240938402 502.388480549247 480.828379609094 473.645519181431 479.565152276581 498.490807098661 532.930264974285 559.926858224444 546.773737990531 488.801206950079 428.369282273611 421.860979728967 475.456639258861 532.127507331385 538.469803667178 506.852609607713 482.084453942934 481.389411997524 495.270162121004
606.662515121675 635.555475619126 628.864109669226 574.464112457349 484.390898665906 399.813924437231 366.794959320178 386.805244164802 413.967721941613 418.797908910934 417.978122882662 435.320127328141 466.491514688836 491.893067781005 502.466261345937 497.19599586523 469.67961317247 426.694291916842 405.16795371118 437.997925905515 506.038737380096 553.273476060714 550.390025094896 513.402178269571 471.210010215163 451.899449216189 463.782175451678 481.416482819405 481.243872325395 469.756342035209 458.270933096648 454.828790393702 476.01404208155 525.749105882599 569.051636341648 565.631675800838 511.684191508406 451.758004181663 441.030662701954 487.599071778877 539.121742362267 543.566952990569 509.241531888697 480.463487314201 479.041643398573 495.022102448185
616.511311730163 648.845099171857 646.540266125375 597.575206463554 512.882713233904 435.506566878117 408.63965512194 427.318829110976 446.872843232539 444.459516118502 433.026012430404 428.715427579412 434.750183795822 447.614200509016 465.256968682961 482.719313038803 486.256629365248 474.71387488044 473.92142324555 507.34570326751 559.633600037841 592.111119586764 585.889938782053 549.112973200853 500.755944458858 467.444513357093 463.810262000196 475.348578746605 482.190456172475 481.044662363096 471.641918822533 462.218404316423 476.143351564247 520.685529449679 560.262290436961 554.057596267488 500.140489342406 442.168002694882 430.304421810252 474.511210004319 531.971257943465 551.989825832142 527.513238629893 492.698507080407 479.843912332302 488.778472267002
592.140270878946 642.943591548657 660.457215891424 624.950294175743 549.024429775995 477.709468794921 451.230381534451 463.503641416139 476.855921257596 475.687139397176 467.87360374477 457.481839547622 447.923153897655 445.702221285751 453.891808175714 468.987456799602 482.943054559789 493.959134188221 512.394228845372 548.335589106384 589.809063554251 612.715716096655 606.640660815836 576.465836477625 536.347741103695 508.306504164486 502.065199421808 505.209842929569 507.997327584422 512.238727163021 509.275666576991 494.865053487003 489.864721103146 511.031448915437 534.278288406927 522.098133407458 470.466897363691 416.781517498948 405.280689719466 449.424990623303 517.267500989602 558.320051358381 548.791938698491 508.882683406044 478.070107317015 469.460936307004
546.992802893809 618.087884059711 656.827805481365 635.754515144428 572.66046878285 511.05427685192 484.586412487591 488.186348029014 493.187434529293 491.871196064388 491.691186614476 488.294561597214 479.842311536112 471.857059429287 464.877959798421 459.089505647526 462.320121701958 480.265246540282 510.352685549714 550.208450031812 589.212933894953 611.253021312466 610.109806261242 590.906355168597 567.861896103808 558.828995744187 561.658254171745 557.468182545008 547.253859373763 545.700177968431 541.028367095196 517.249919528997 492.422960275201 491.379001938395 500.75114171941 489.040938925188 450.438556392324 410.925645703147 402.949266925554 440.328286098237 503.191799188888 548.199335383399 545.592408575628 503.926112666083 460.244422402352 435.149010227089
506.773786539374 586.881133579616 635.33891501783 623.308096973137 573.153329817415 523.24345409809 499.664844432357 499.701974983477 500.157178828518 495.20707743758 494.979896232571 498.556813573728 500.2474324859 495.764975509429 478.972054869051 455.829352575736 447.842686644369 465.766287476521 498.384276757415 537.248942061012 574.329558539519 597.29142345076 598.44737457671 582.551927697852 569.500780646113 579.808026008707 601.003724998039 601.936457151647 583.169167870064 565.92879967639 545.313409017437 511.363769800813 482.767004483555 478.334563871349 484.6856755503 479.746613952302 461.469749448405 442.587036018992 437.043589515399 454.462700064191 489.547556856151 516.819205222047 512.727177597144 478.2391740802 438.281183997995 409.427376231536
482.612724503641 555.313689912738 601.401136498301 594.388079291089 553.107826793147 509.673968223423 488.357087228197 491.69933962791 497.808132170577 494.665150236927 491.373672224392 497.079251159101 506.295501065004 503.432058467042 479.002737462557 449.670045075464 443.882056847068 467.046620142939 497.25947954443 525.448680298032 553.311031618863 573.956976562223 573.192051763034 551.1145908604 535.066551549803 553.843838651214 593.235945028074 612.245424173973 597.890330787351 564.93014030753 523.594627787416 486.812690775593 474.677076950183 487.078794507212 501.810943233391 504.155738398702 497.736196996103 487.170061645648 473.040299584033 461.977016678034 461.959184755811 467.21868123182 466.365905467266 455.872411783782 440.37634381345 422.028657738279
470.162470500972 524.514281397632 561.868967965686 559.315781591379 525.381671016925 485.871953597941 467.069513384817 476.653624375445 493.445611880923 498.549273753053 495.732813428538 500.626259659187 510.239026093463 503.402366918907 472.93164246837 446.245114148228 451.98384087854 483.401009295865 506.829950179479 515.253826593987 525.433817345299 539.067115332863 535.973853996691 510.27894471698 491.653527743053 511.265976524657 558.343286905299 592.132883803002 586.878749130345 546.570054180448 496.157921113643 468.865982933999 480.59570665673 511.926970235537 532.869760855688 531.76609678005 516.977559469639 495.310191059029 466.651194714179 435.796880418264 414.613462561424 409.044217667993 421.140609007769 446.315953827664 467.059355886997 468.813554901061
462.674583987076 503.618224079748 532.634979360865 531.734891913405 504.646021983106 474.339936849005 464.893923822833 480.449822818766 499.944016205406 505.804537612409 501.351572767677 503.584326682154 510.769980734165 503.051035741683 477.759258275611 463.454511180077 481.598737957163 516.133751201403 529.618023786895 517.6690286768 506.912359406536 507.299669689787 501.486197361383 482.541231413123 472.690275571902 491.563784159781 530.466142404015 559.53611964582 554.896200375789 517.507102570378 477.18921337483 467.516299915965 492.807354084298 524.446556757301 534.41120713597 516.352154988518 483.885602748539 450.493696686709 419.9732239091 392.296948603707 372.969304130236 369.736755199433 394.718355930984 447.294317137079 497.463062021188 518.867673698855
457.549627061089 497.523433187989 522.169453557564 519.314081984908 497.824839411096 482.5460120679 489.791160250827 509.469617510029 516.950651828648 505.281940705312 489.630304150306 488.4396362636 496.796827082402 497.182967789387 489.455581767479 493.389682964337 519.314956130332 550.656923910296 558.52522032976 539.128613926379 513.420050083051 493.91616043515 479.768348855791 473.500453649815 481.997992463284 501.582617921116 522.195481134159 530.333370568402 517.592757054218 489.795332740898 468.95644555076 472.188996275986 493.889820039726 508.702931346054 498.494580928003 466.031016356524 428.988467455599 401.553141961998 386.396735445057 378.118727273203 374.663540370145 380.108567548631 408.886798527946 466.940394036558 525.555407441853 553.374622286405
454.465757715686 498.11473993298 519.180020442047 513.093758036225 496.539443780791 495.953014340322 519.298050525525 540.581561034421 529.283319866796 491.108985446846 458.7927582113 454.700965935729 468.87892882278 482.354195103774 492.313576589322 508.414446066352 534.650037231233 560.893852010557 571.215997062388 558.730185573567 527.279714472996 486.360554257201 458.79427631564 463.729358952023 491.701400767054 514.834202041609 521.459961792163 512.832478990568 495.970140751734 480.975631988731 477.165981021106 484.269993334003 494.543996487479 492.707274066391 471.413897896735 439.866657312818 414.043865596152 402.589572622404 404.4887809715 412.79332521535 422.763085902033 435.246759462264 460.40189820436 506.660089451903 553.132301912217 571.403141312306
450.306252985094 497.418690827194 513.240885689193 502.692019814073 489.566298536027 497.889307350319 529.173707895097 550.293102073489 528.306554043172 474.675716429872 431.733568490923 425.777787954581 446.308176379708 471.243768104166 490.513159386822 507.973702558997 529.49344054266 550.763744815425 562.15476755118 553.217842118076 516.642101171563 460.369969656272 423.519043951858 436.272129612357 477.790978486438 505.964158210929 511.052906194768 504.125235364674 497.142973217907 498.132608179681 508.913842854493 520.102006038547 523.002652700693 511.795353816992 489.154264789156 464.419276157544 446.509833972787 442.371182821591 452.608717303378 468.575625602489 482.149639482635 494.924972959098 513.710403526302 542.235696219811 566.211653880913 569.963387167736
442.820898420525 492.279252513635 501.129460903479 481.731954465793 467.049393153058 478.240276179482 512.142903591973 537.887253905368 523.871031522152 476.438315992451 435.088697876829 428.674675278507 452.768458004417 484.573918235596 505.295664856677 516.28301380981 531.169895763556 548.532750468107 554.065689349183 534.117716062549 486.053930247113 424.085391987644 389.409724264093 409.475565800214 457.175708973714 487.661230689348 496.12118151616 499.734014947896 507.2673338331 520.898264846021 542.556307239378 560.975104043467 562.567603002793 546.784089644359 523.891458421466 498.819616288743 475.030499671023 467.473710231055 483.304619694632 506.873512493183 520.286219629331 527.812338609045 539.208110756315 551.179546502569 551.902879387341 543.635327773822
431.400191246035 476.653333224773 477.99483152976 448.84911491522 429.079059241669 441.034454405452 481.680586516469 524.351121161475 535.487540889799 508.821456369594 475.602112052623 466.355470863754 486.148434817534 517.479615320856 535.646801320561 536.644206767819 541.312348279911 555.76431964948 558.493255508768 527.85403422437 469.637294886142 408.95021260939 382.981806949951 410.630400134842 461.549650702617 492.030696748945 500.504818824777 508.445177537345 520.092359021095 532.987774108052 553.362216738975 572.979955472498 574.521054823751 559.078050620559 537.259229235966 507.285818692662 473.189207306455 461.10658500393 481.775101973975 511.39438187652 523.203773761178 523.808165968117 529.133391224982 531.011308649514 515.81085945232 498.960234464019
428.924317303463 459.454149258136 453.255505739596 420.413353051946 396.665710383726 407.99338619481 458.770431873025 523.861773372179 562.540510729826 556.203998724815 528.555259791742 510.741028519791 517.243827976827 540.80481841278 554.962801529187 545.453893706176 535.663690384776 547.962942248688 560.885242001209 538.302260993185 483.101168110548 427.601542808422 407.214210642268 436.755556775698 486.716988043428 515.585285083705 522.594577370988 531.686677805534 541.461902587111 543.660142740434 548.468915138243 557.474745015755 558.439326332034 551.872681150611 539.346357460326 510.467017020621 471.59032965239 453.098500932357 464.158241807808 482.909578338016 486.607841354302 483.294531302033 489.738872161193 494.229459257822 479.165316677577 461.334796860889
448.505643939819 460.970438253485 450.414173974394 423.637420880059 400.38611556226 406.635912818905 458.092491628448 532.350076512531 584.793713908303 590.902382244734 566.95895141181 540.523665170912 530.530422134259 539.98151509978 548.362921169118 534.782159550951 517.64714569309 530.960889519741 559.77893824106 557.15809430649 514.984837272269 465.252054489587 442.488890773687 462.016790907924 500.43348097054 522.632070940621 529.69971098816 546.294207913347 562.876388246158 559.575679967252 545.737170611035 538.734911534288 540.850103177149 550.520184884347 554.47124242808 534.003824757517 495.427219599965 463.475747043512 444.58821593678 433.630597126133 426.05132230121 428.826061800808 448.511845097879 468.980478720534 469.62489986195 458.302315244305
477.629689142537 477.63588952536 469.289478294722 457.468653340237 441.136577178377 439.656811202964 477.539669068117 539.777892188737 588.216525355945 600.783255351578 585.196425299672 558.048772077955 534.251031982213 525.567685195905 528.050655606704 523.252534744585 515.427590300294 532.138112179721 565.28071236872 572.298154618789 541.062384122346 498.66579396139 473.3850159894 476.758171590225 492.462013646505 499.29749141966 506.183718658064 536.497325856913 570.621000372097 573.644472001305 548.269711265984 525.876939683618 526.103944981047 547.04751657766 564.394025870796 555.806496439689 524.210932907863 481.943168873097 433.624073393893 396.23246650259 385.652660678498 404.58774125046 444.025239758228 484.209993322947 502.651092291268 494.569690413803
491.417963288957 486.957204059806 487.214374080206 495.201399633732 491.420126350472 485.330180407329 505.900089219443 547.390009201358 582.75806000685 597.584849179579 593.583009549956 572.166579921524 539.333573178159 516.300367198365 518.461596845721 530.038752405145 536.697601961176 550.166395954462 568.142536057475 564.267758269433 534.725332004095 503.606597307341 487.250577581892 482.982620559699 475.960352371555 464.165902071774 470.507148388196 514.247863851378 565.738133521909 580.528408837337 554.149993773749 521.463580311046 511.615237694253 527.16938451057 546.93267642505 551.536502431967 535.118345098379 495.953880074985 439.996170945292 399.06758743725 397.119632895044 430.046217763347 479.531822631878 528.069313173621 553.922622373417 542.84114929791
