GIS/rasterFile.asc
NCOLS 99 
NROWS 99 
XLLCORNER -49.0373831775701 
YLLCORNER -49.0373831775701 
CELLSIZE 0.990654205607477 
NODATA_value -3.4e+38 
[rows 60 to 79 of 99, columns 0 to 45 of 99]
491.272413851317 460.930240619218 422.557730037055 401.802174720781 403.151624406321 410.948686511897 417.402213698642 425.354445327012 431.917990822609 430.818953614153 426.381389534564 428.73218592985 443.083750941911 461.953498488338 467.908984118392 450.838600324273 422.646430720496 407.462142121052 414.499063251926 428.011078876064 434.221254862384 437.146789444806 440.372447203439 443.926947841288 447.937342273884 450.11773672364 449.154442374467 451.798819838355 455.744541711637 446.101359540381 425.605589190787 416.892077567767 427.473472439744 442.899276278545 452.143679559226 457.282813468498 462.740701638467 468.164430415522 463.251988089818 442.368561366113 421.205511590202 416.993479253469 421.264151351809 415.990065576724 405.192520702646 407.767915331144
481.25055250469 457.109321183237 420.44615590454 396.633410181253 397.779912238784 416.323316422027 440.62959106612 460.783617966789 468.86634163136 464.006684172775 452.53072879068 442.028307007263 443.630658164282 461.345226042858 475.913147041068 464.065719846327 433.691741664032 415.537616394885 420.948448802187 432.186107999108 436.285567419727 439.349759649676 444.799648661827 450.509257321795 455.555585915968 459.288691378983 460.271826986283 464.389360856778 473.036721213904 474.167074596639 464.85677148179 460.072663879264 467.297476576827 477.774112114019 483.241702315571 482.814124971576 477.857814298013 469.584208780461 451.217847566395 418.394655177276 388.549665612541 383.816296641097 398.106856010276 408.266656033778 407.574216129618 409.048909327236
488.501039393375 478.343954124022 449.827536954559 419.836734833244 408.672576316593 426.19744630451 463.058129847743 494.852413607864 504.231230284795 494.358916688798 476.890044635677 459.234145733847 453.862410183479 469.817399515962 487.205554728378 477.013528170115 445.432204930224 424.740179082293 425.517133781945 429.747606409004 425.605572589154 421.61507994329 425.350394150792 435.08035191208 444.727939853529 450.715019815035 452.395572828296 456.223728195367 468.536031167319 482.30957437214 489.329700760256 494.176361124266 502.030473362036 506.783287743168 501.393422568225 487.387808840792 469.440569115483 451.38737304439 431.087773030544 403.275556597505 377.361557836428 372.335268564787 387.948128262923 404.019954955032 407.930209711782 407.983815550417
497.181593866568 502.827400070574 489.398148910655 459.434110232417 433.586748811061 437.8118067613 472.366759946189 507.982453229062 520.33197523912 511.509030455991 495.372615704775 478.904514496165 470.806715459931 478.672710934094 486.851674964469 472.152008409549 442.536571835681 425.723623869676 427.876875490122 430.638712959702 422.507275572908 412.869999058277 415.061299452343 429.423274689964 442.520929095184 444.49180960184 438.489753174486 434.879727448105 443.56210247557 461.175662325463 477.749000042507 490.617459769463 501.962818556269 504.242919831187 489.505045961304 464.769085909736 441.715561401266 424.835089987724 413.44552580541 401.181588861615 388.385699361042 386.397566844021 398.975878477048 412.617251713496 415.589271355979 415.704203007096
482.417512390699 502.211733402946 508.56971559421 490.622947139566 460.301650194762 448.688463577556 467.532087665156 494.84084849778 507.70578748775 505.880950477482 500.165805818901 492.249172687397 483.915381817931 479.876178873168 472.181150245687 449.005915147495 422.920990384586 416.328447491366 429.662190491159 442.194358951002 441.459768746783 435.791003590426 441.053051319555 457.910640490287 468.039433420543 458.177209109129 436.862335499307 418.659019081348 414.719024125269 424.793757640081 441.993847037537 460.929931857781 479.202551630676 485.111854018193 469.417192815252 443.11923057048 422.664793103733 412.280897281021 411.380670521001 412.8340629628 411.475707848826 412.988209117363 423.079803348833 433.345360266239 435.073742794462 436.451084108303
449.203865194731 475.658118081348 497.059745116081 497.023143633642 476.495852029957 458.612453327079 459.902857959473 470.792017218646 477.953777161598 481.482880257182 486.425466905624 487.248643022926 480.957234637571 469.970608615565 451.376570460913 423.041579033637 402.811664389428 409.854663951788 439.588404828103 468.089331758376 481.299408331654 484.647327091978 491.707202108779 502.764729827334 502.256149003422 479.590229261688 444.480388061361 410.994407781457 390.614842733788 388.074215624621 402.268539826901 427.637382896062 456.303853921255 472.642065420164 465.557669685585 444.485421074797 426.682434388821 419.461997492434 424.200972515227 431.878562073411 433.355424251058 433.008908338461 440.616417497649 452.474243403705 460.397649362364 466.68892168521
421.648744970864 442.165224511377 466.48788250307 481.201126828887 478.750131375589 466.648506383855 457.892481589472 454.19869259185 453.800749510128 456.633403423747 462.141609085193 464.266044812351 461.457916025747 452.477567699792 434.334289963292 411.609247690867 403.521174078043 423.317624410937 463.72078750162 503.27336229905 527.752981155691 536.270180705058 536.847042733343 532.683026739622 519.449164602583 492.515656350375 455.028419961686 413.89549975292 380.881413068319 367.571101536267 378.545284952346 407.956713654917 443.7834422915 470.19129802433 474.619517489587 460.333651717112 443.005217151013 434.744811837398 438.68098010502 444.609393401318 441.488911295999 432.971501729327 433.636106930529 447.481434780043 466.74918593432 482.854467791213
412.53645119904 418.219680619542 436.887465607613 460.451831028256 474.074993945034 470.469941683584 458.325562965221 448.89687137345 446.771042284747 445.728955088714 440.912582271624 435.898203053412 436.939020017389 438.292276257498 433.122234466498 427.550079555182 434.611562945631 457.301493118929 491.144831112092 527.751162361705 555.536101792981 562.546429505399 550.154455728877 529.476190744727 511.158094430024 494.146847437608 469.309196823488 432.539891337836 395.918246188144 377.724536462363 386.713863658111 414.538358375764 446.282346438311 470.91005759395 479.335192684177 469.373043690764 452.421155925853 441.094839440784 438.011768320691 436.004498219127 426.532803095913 410.130738064739 401.310216625201 411.592995169775 437.606848714626 465.346518446917
420.967284718275 411.467448461871 423.274978957176 452.161007436761 475.918074480653 476.692031915287 461.76642955166 450.578108120541 449.497602027063 443.497241817835 424.889789202438 409.988548463136 414.830705377129 431.082053761199 446.376348317687 461.684553988107 479.146354551481 492.33910318598 504.503949317638 525.363470385859 547.418673983197 547.190014961828 521.778451519786 492.668146986818 481.761929446322 484.940815952443 480.052357512582 454.781798728683 422.964737678666 406.597876293008 415.329416499096 437.44837394338 456.624146062943 468.363148721864 471.530825089519 462.709319257772 447.381345319639 434.312703873029 424.836696710535 416.389208994532 404.141571908902 385.353016833661 369.942047197773 371.424502357736 393.499723218129 428.464606367767
442.523945105493 425.050806595957 430.60496463127 459.537927968843 487.108881174735 488.81121821964 469.34234192924 452.635690556671 447.744254370526 436.879435844751 410.993850986791 391.886725344338 400.010981530795 426.833908904976 456.867154048389 485.004837639499 504.678669394114 505.116505404193 496.805978178053 501.715987693325 514.372440829819 504.947454581154 471.22802636682 443.545312877762 446.767346114293 468.689110247079 478.892478916621 463.904669879369 440.070234333946 428.009358571532 435.230691927545 450.658134608776 459.759993093183 460.696430870238 457.14536460183 447.085941290482 432.893337529898 422.203800079886 416.717803175518 413.506981240091 405.88621129231 389.389427393801 370.611500004791 361.240833463726 370.870211923061 404.548527490934
463.324365554989 450.481953331057 450.509094943271 469.795608019368 491.773810773094 492.618378968674 471.854391618671 449.99067996542 438.642387208579 426.24230721298 405.439304232526 393.141407028814 403.978151591857 430.033154957271 459.70572428099 488.024902154425 503.760480245146 495.033430709886 476.916285779649 475.694541240051 484.054262056111 470.481258345838 436.21333836631 415.944665267187 430.101765197616 459.590674346045 474.371478128207 465.683374736713 449.12319731845 439.070332165884 441.375476561431 451.154412651859 457.4657575404 455.888833983336 449.136329131028 436.907923178476 422.905572455225 418.497165037259 426.582916629114 438.552961548348 441.027821606619 428.504987024581 407.310263559472 387.718506742802 382.312964707092 406.87143864507
465.332299157907 468.07231515012 466.077587847066 469.197901185849 476.927270326395 476.623537403166 463.964140900825 446.941122130043 434.174502641488 424.461224280843 415.531299935105 414.828804261043 426.495239775775 444.320399660797 465.015002031165 487.516884276133 496.651424900638 479.557030298875 455.85161205064 455.040659543224 466.722479521126 458.071653297727 431.503181714426 420.568678841742 438.111691363292 463.362487875168 474.452520466122 469.976935697512 460.52075736725 451.976943844339 450.312378454047 456.998116501545 462.203491372452 458.718667893675 449.577767741429 436.447857057384 423.775790995201 424.823030438395 442.840505309337 465.844490742752 477.43865651648 471.198523217664 451.933814902386 427.903519159852 412.141423391933 426.092450969869
443.183336918597 463.40478137683 467.178923076988 461.413082443176 457.661097104249 458.494961300385 459.751005065355 454.130415372623 442.911499846005 434.401540857003 432.414672476769 436.907599448861 445.94161994585 456.645894668518 471.306305100025 490.264996263597 494.007714295398 467.924538180507 436.185362170048 433.777042238023 450.372415871211 452.145917211132 438.81321368466 437.896288393508 455.145550614237 472.311836530039 476.875859792059 473.375017017283 468.517136607342 463.315284532243 463.067826492491 469.010951886714 468.653881098062 457.036159783527 444.553753920928 435.187479699453 427.965683294028 430.141733980239 444.865269910243 464.998486020858 479.511325030638 480.954927750686 468.807830680291 447.842454425669 431.074887553339 440.553532775499
413.314445082853 446.437950948218 463.64454066583 464.115344261463 460.705541645656 464.290240770904 472.728772627108 470.126553303291 454.017325924552 440.24610621106 437.332547244086 440.91479324146 447.404473197094 456.581645694551 471.576693498827 490.987226591225 493.012445750493 461.985449815706 423.067909876484 414.207287033458 429.637118894459 438.914891921999 438.06697976335 446.110365721042 464.317341191851 478.526829408755 479.905684165431 473.427503397136 467.091922940249 464.155806193159 466.925503188703 470.69195908808 460.41660509465 437.081317446351 421.04613830449 418.579357620878 419.660778531219 420.758318090393 425.410702599962 435.336776101364 447.414070034136 453.001221025848 446.839780365465 432.284267730384 422.994368295404 435.873719456404
400.631021227128 440.94012521113 471.146334028528 484.145328958929 488.935293004329 494.72319000655 498.405397620886 484.287079629009 454.029584837335 430.294312623985 425.060138895417 430.409936654912 438.710257765723 449.331373563443 466.026392717056 486.501007904302 490.722306614349 464.734661987737 428.950166603465 414.442824951494 420.091925753545 425.828506029763 428.209563960332 438.824235520508 457.537057800226 474.614820057341 479.161981154598 470.601217016265 460.027562883406 456.614344435951 459.588389451976 458.88785562801 440.617271326749 410.692883743889 393.768348883362 396.936569860103 404.472668844751 405.400144305854 403.896654714033 406.406996090663 412.924121215585 415.007423761691 408.738582771195 400.155480317921 402.065834311217 421.290410248348
410.0300410303 450.7792523154 485.301540613817 504.773232950929 515.402779425604 520.788309636346 514.193120310185 484.933830820374 442.456513305688 413.697369498243 411.649161168693 423.106079445341 432.700030826822 440.102160461235 454.627806807218 475.253164272063 485.285660072069 474.561158101916 455.817164015429 444.190851177569 437.619592481092 428.396687821264 419.414736599564 420.091969842173 432.647880061889 452.013996545885 464.155009753424 460.61040481969 451.421341548345 448.691993795421 451.108090802507 448.279077870555 430.803394550466 405.737392459509 393.022654093714 398.078803890062 405.965222783349 405.02639453448 400.234862308192 399.104783703064 400.965264649828 397.823460869644 389.22607653776 384.407844429271 393.921222234604 416.518338585833
424.535459828349 457.660324106176 487.659522067976 506.092482151344 515.614106035613 516.14939711352 500.323571808304 464.110381273844 422.648715200308 402.186440983365 411.52269321043 429.332878248028 434.398069786958 432.774518234992 443.059510277837 464.300381519999 480.590150640352 485.227927808527 486.162385462492 484.271087947163 471.867215858754 447.689906178213 421.285792320004 404.445806965594 404.269034956494 420.076586806971 436.733460175698 440.485562851227 437.487795954946 439.063648036841 445.334187444065 448.686364976493 443.317865364286 432.574715537076 426.375512897518 428.995033344094 431.523288804209 424.249800430831 412.059829851539 405.840023291206 406.780733373988 404.910069475228 397.064898110827 391.328440438262 398.260536591271 418.557835050019
434.903133857696 452.341828836991 470.627985284214 484.161605632786 490.46264828285 486.960866914087 467.660834165574 433.030718608201 401.015876610451 395.493548768691 417.83260013986 438.245725144427 436.119530933442 428.080346806301 437.833271690645 459.76142638541 477.000364493675 486.832147588111 497.964487691212 506.014087821365 497.872710159983 470.623458543109 435.291121266198 406.264014272252 394.564101744816 401.787428049692 413.129135152027 415.097206859168 414.171112778254 421.411318315551 437.039526905584 454.490967782977 467.271252672706 470.979021073793 466.919938137513 462.910951484414 458.387898341099 444.203135707589 423.568734955902 411.564624328529 412.998055063642 415.26288314437 409.525546666154 399.415748628167 396.385818870542 409.622352117817
444.333584282507 440.651402626099 440.657627335691 446.850369182218 454.691962899251 457.737448217064 446.074274834564 417.29017403401 389.932265910279 389.716862382682 415.480457779533 434.042709580618 429.014469161676 422.713212537898 435.477509271877 455.544373787793 467.806908739395 474.870932736796 487.374330506436 500.755041376723 500.55416571078 480.679004497159 449.474077806244 420.810628229638 406.158306077117 405.76387455038 404.32422886427 392.895791060445 385.114772611899 394.886220548336 419.759865612588 450.34956953112 476.758358259809 487.943659346618 482.213234597256 472.852861335565 464.994665985753 449.83278697549 429.238013424227 417.233984424472 418.169826954279 420.328037437928 414.59364664354 400.491707287164 386.938794066778 388.896503599005
455.42197492265 434.438501016307 416.021518988752 413.334152391294 425.231340455863 441.786376629986 444.789273702721 423.737529915219 395.398997365123 389.861453697606 410.157114227585 425.825753360794 422.100491773453 418.735531306324 431.83796926371 448.824973631984 456.655769759891 460.04504044995 469.363096621288 480.220170468895 481.051099626079 467.505365454526 446.120880887008 427.365103134752 418.927961560312 416.505700944921 404.163647844546 379.007715396633 362.103077761218 369.916540865933 396.881440760016 429.929232338687 457.55731122635 468.445505969821 462.246696756457 453.049823863133 446.581890792723 437.399532569628 427.84155607391 424.778199636438 427.262770368871 428.320306769879 423.384610994795 408.772185494146 388.021145576414 376.213226119143
