GIS/rasterFile.asc
NCOLS 99 
NROWS 99 
XLLCORNER -49.0373831775701 
YLLCORNER -49.0373831775701 
CELLSIZE 0.990654205607477 
NODATA_value -3.4e+38 
[rows 40 to 59 of 99, columns 0 to 45 of 99]
333.333007625245 335.535275257142 356.794332806938 382.045397094495 404.300638145975 414.344829528564 411.533716329824 404.035712063591 396.006490193484 393.131970715769 395.751782866982 403.539902456086 413.363021401012 424.763610049802 430.551852771946 432.60756190668 431.448351766238 427.389058567098 421.154174875525 414.413791928557 404.970809114916 400.747409565799 390.997103338545 387.120797031026 379.903843474979 370.234491508715 365.29869999345 363.070387669351 366.859849638283 373.142671035769 371.731015606247 367.367828908444 357.502933166387 356.604301654604 364.433043260098 379.164054012601 397.126330171939 402.775176752382 403.901679567479 400.885897403898 400.333308729803 403.918727040566 405.504037178232 404.994218048505 398.0631365291 392.048654761332
329.124312071726 327.462450640426 346.367932655526 371.126096874121 395.802628821347 409.635456461575 409.412407393552 401.191886965765 392.059507152104 388.222295828135 391.616484014253 401.588481714298 413.484283124455 424.610897809645 426.588630749279 425.567718697299 421.08986246216 414.248188214296 406.530119038845 396.414336380313 383.45373988054 376.474912878216 367.779705815937 368.83674428611 368.199120528179 365.863130278094 364.367606612589 361.802582330204 361.663001170736 365.556334336884 366.613419064449 366.965996014048 362.230776823152 363.771603659716 371.908337299223 385.188782757569 403.664907503195 412.997237138773 418.049391443986 416.32702636209 414.776557028389 414.554175027481 410.442549278449 405.161647467676 398.251914487425 395.250437086552
339.35379140362 336.982774205925 352.161559859511 372.065529386687 393.532713608154 406.675968451071 406.778951482018 398.751725990275 391.471351456894 389.773137266336 395.593311450235 406.960404245827 418.704104425256 426.690241388846 423.282893740453 418.002094680529 409.732135958569 400.981404003235 393.405765570859 382.28221775146 368.968207135354 360.656019327933 353.16155041006 358.442965873435 365.194303554166 371.121499698669 374.077229408068 371.823045288549 368.273000005331 368.716133342067 369.887074734458 372.44922278376 371.165225941069 373.96749581671 382.825046572646 395.134655893255 413.952050901069 426.020335386601 433.452876659606 432.701949157409 430.026060194702 426.738527527385 418.701325525605 409.807583590746 402.398841045945 398.338312845663
362.36878324094 363.446955821902 373.452579580728 382.999626044151 393.3778982286 399.649147450633 397.999997821982 392.52888385006 390.708500810444 394.106574197954 403.285981798675 414.602838051823 423.683828342251 426.88641877116 418.439255073804 408.700291508694 397.076996156638 387.498480800718 381.664583736192 371.721394215926 361.05467593077 353.168086617686 345.997741495008 352.281023823324 362.846897893997 373.755704598672 380.178157167502 379.111950272563 375.972088846606 375.847419076722 378.253933970484 383.210494044792 384.342587217509 387.786090334786 395.905483518576 405.30804721366 421.76275123217 433.540618100908 442.103403379997 442.656307674769 439.811302848591 435.641524452248 425.399210035507 414.244711338397 405.899348175279 397.810926195561
395.284689797192 401.951381769788 407.009079743277 406.078258032412 404.276670123648 403.294756665275 400.530318248925 399.94637440669 404.323364156514 411.574395730596 420.919346107208 428.007895741314 431.098910233953 429.099730772997 418.220413084643 406.400471362554 393.02923839879 381.908875351658 375.431929865752 364.508085290158 355.296682432708 347.503028815823 340.201651733931 346.349840399106 359.468665051166 373.59492431538 383.524778688881 384.019764487712 382.983237902925 382.953142157139 386.543464053797 392.731780883048 394.592207983428 397.258438109756 402.467919711481 407.750264821019 421.09001185857 431.850636008406 441.722188043829 444.029578565314 441.635575201999 436.724788678292 424.547619822766 411.589022255229 401.188929280935 387.205360895429
428.766209083261 442.180741346197 444.022498916548 434.323786099669 421.16832941049 413.469494518172 410.538269830932 415.786601910182 425.535616675578 434.91317377491 440.310803815716 439.657207460008 434.682489644012 428.59688913386 419.203987430813 409.768874210803 398.81813835224 386.974762613338 377.059807510953 362.074070144291 350.28133204157 340.289945685706 330.941220941792 334.524769895733 346.662106819173 360.785015893745 373.326319277774 376.850461290869 381.084259569855 384.355631598611 391.378546497275 400.154336425473 403.651445886462 406.216903410536 406.869652668463 406.001485533073 413.034640939487 419.340389989922 428.58915449364 431.914174696771 431.190113857114 427.318783245331 415.481764199103 402.908755610219 391.393386312016 372.916510732826
444.291647552191 462.834150194617 465.067663549356 453.547904330615 436.442738640268 427.856588966021 428.104356515374 440.310877609831 454.699245514981 464.905723399943 464.641988597983 455.12726941723 442.196285844843 432.983573650627 425.91535218292 419.582488272098 411.672837346014 398.800668933248 384.092756229642 364.208972338646 348.658915920553 336.08524960225 324.876377794413 325.909132853387 336.437758123895 350.076315170663 364.002421723102 369.016513957429 375.618366172261 379.805309622046 389.208426932374 401.215923411891 408.340871875813 412.888243307956 409.852592542438 403.462085207084 402.93133085897 402.422231399714 408.155528471222 410.648274354767 411.790406709614 410.355637896721 401.092980495672 390.609066997533 378.924151623621 359.066927032565
440.958476099793 460.837617377256 465.924938710062 458.380769606152 443.666950704225 437.855626941079 440.82406176953 455.857228012266 470.212965295498 478.627463797649 472.718566364799 456.573930178163 439.839026949753 432.001901159137 430.645161817235 430.394024719443 427.060763360612 413.81806435427 394.515094993582 371.67665512171 354.368795656186 341.41187794803 329.307505216846 326.801342976535 332.517440830849 342.757239543818 355.993362225895 361.494370422249 367.944306516461 370.706417076283 379.563371771642 393.558311925093 404.951257923801 413.935398101202 410.591455621409 401.121169500028 393.314209778068 384.935092142999 385.001885328125 385.94115787478 390.069315459285 393.177345351647 388.851918319029 381.146487990342 368.868608451722 349.42994365975
423.281963403052 440.594062399878 450.371346880755 450.709983444239 442.15481525882 438.686149712334 440.89577158319 453.629984371847 466.014184887255 474.426561422852 467.772622565964 451.105806825265 435.783251103987 431.565892879217 435.972132597109 441.543168881517 442.937757335333 431.237735446033 411.169033414722 389.261283588849 373.174419177369 361.57005675489 349.230566529012 342.969644904385 342.777228285927 347.728624120642 357.392913715942 361.355491778706 366.087616903304 366.940994347654 374.859352407944 390.821946162927 406.168523209711 418.747517868399 416.497453923402 404.914460693731 389.860642610688 373.473274004695 366.814695160753 365.31098025287 371.759124592153 379.306718525981 380.596466705875 375.597677667687 363.584256578633 347.005217540696
396.785206809669 408.6849537989 424.309726043535 434.826268254346 434.932593574061 433.553957966124 432.441433565057 438.542243900564 446.819313047397 454.512704274172 449.107238111881 434.409638623993 422.01871832188 421.29538628134 430.418859596328 441.802736587986 449.125763834757 442.010486358696 426.212605710599 409.777367046009 398.394843374911 390.175399687314 377.712610949301 366.671163750565 358.561216148428 355.970298895244 360.907833931217 364.660220017498 370.470865403415 373.492276445218 381.394683056645 396.854450687674 410.894274453616 421.865045789783 419.70198349953 408.496903779086 391.831548889539 373.951654864096 364.709348994436 362.78242701072 369.723820808944 378.311316905401 382.037561916212 377.327780683541 364.779671293685 351.850819742355
376.864330197557 383.298128137115 403.816254167553 423.325204091949 431.404695374002 430.67343114587 425.040970104135 423.093385691425 426.677150646505 433.291762394228 429.969838631057 417.518727600705 406.371355256983 405.4806585329 415.725680178197 430.795284701394 443.676994684924 442.702280247611 434.435011069934 425.383971224669 420.018068425714 416.127148957986 405.281344099553 391.618902308701 378.298035324505 370.018062224205 371.619105295356 375.868695935392 383.228413616071 388.632771113929 395.333435055288 407.338210508199 416.445922615302 421.851067730386 418.183074991511 407.951375351597 393.24052047679 378.187134021662 370.078876597293 369.133416929817 374.986592018326 382.430023331693 388.082279787382 384.783232417924 373.890309171711 365.109551781057
369.455793598174 370.235163304368 391.550112341149 415.245268579827 427.671100529169 426.471537508486 418.055251486768 410.906076552631 411.693739320082 417.900214967479 417.74014678303 407.814466014339 395.643866663345 390.054995348591 395.419906130541 408.424187884973 423.357702102132 428.179646610822 429.027313425626 427.946592351808 427.862151910398 426.635699970647 416.608955583077 400.534527865829 383.918899810062 372.339498638608 373.910141025738 382.570630001273 395.636939699812 407.375618426471 415.272123349176 423.30152160449 425.703203738543 422.384853269018 414.655169581636 404.331860919943 393.927420836038 385.36709140274 381.933747329499 383.350581912017 387.071247091996 390.224937437694 394.109489896856 390.022603347029 379.992340780072 374.047375820451
371.178540650057 367.462852019003 386.201256600648 410.106659942069 425.469523675337 426.943599876395 422.076905519342 416.571260878386 418.175290745043 424.02156040622 424.790684265969 414.694088863 397.925883857249 383.99660892958 380.115266919536 386.807009384137 400.413006649854 408.878975445469 416.895423039256 421.198138889025 423.282496130495 422.440952911753 413.726835469147 398.342517367211 383.934233965302 373.617387773545 377.349714597646 389.354395325091 405.705844130661 421.169328900435 429.421178413695 432.903035994894 429.364830087442 417.080528054441 403.929656098546 391.14274146768 384.00117470475 382.071828762212 385.409100247763 392.327414035586 397.871147139575 399.421571041989 402.900540917905 399.816603759019 391.996555740558 387.493882503653
375.842910220498 369.725015146785 383.214211214266 403.918877260074 419.291650999358 424.412975668762 426.913273032987 428.172667812583 434.08983488485 440.55401002069 441.08626513364 430.037444717904 407.383724839424 385.395621611179 371.52049555508 370.054329010153 380.021231041419 390.192445361758 403.529025905163 411.345896847583 414.050637203546 412.254300007878 403.381786970938 388.58072088063 376.511874913534 367.842813085303 373.457864470495 387.506407190506 406.473377431969 424.790870545059 434.626988001968 435.573272579875 428.254709472277 409.304496412815 391.406332479931 375.544815706911 371.289746481081 375.501320822487 386.888554981003 401.656836489301 412.225651005284 414.475659724913 416.292153650289 411.983666786844 404.013122840437 398.064709564256
379.146796721678 373.094705687401 381.331323519247 397.735207391458 411.690281505651 419.669043328911 428.800491734673 437.41330516422 447.795048967031 455.438968888557 456.023419502184 445.887291544384 420.412847506009 394.966616845857 374.495472320614 366.216069742324 371.285209353995 380.963919607153 396.000601590014 405.080214059355 408.210107116185 406.45568522128 398.471237225189 385.836869929107 375.961539274093 367.54615201405 371.745737315987 383.603323871467 401.226859600843 418.662448739319 429.102705540934 428.419020777301 419.331814546364 397.288837515132 377.666516810018 360.2415979336 358.736857130191 367.746771842144 386.13381617215 408.784218893317 426.647447352296 432.733827982405 433.874399978958 428.101510782685 419.06354609406 410.090606969959
374.663557941224 369.434219771762 375.152159569986 390.365559436965 405.41926377632 416.373550483548 429.531621202593 441.570630572915 452.604823494969 458.894285652994 457.261054515832 448.497734211067 423.658463395477 400.037696937875 378.614015409604 367.468215811694 368.909233368822 376.989793478973 391.314240067193 400.958487911447 405.312456783294 405.943751813101 400.024812381969 390.135139622542 380.455952332964 368.936723469015 367.404854786013 372.69108754729 386.606355481677 402.408341938404 414.753648655574 416.069928049229 409.294644609371 390.012045932826 372.931554600212 356.460143474725 357.254369364065 368.67918432276 391.009347992148 418.870015010286 442.757649668738 452.55772033494 452.540607488742 444.942775604118 434.143357916464 421.960754366125
367.559665537403 363.422009336797 368.308654655504 384.355650867125 402.135487481617 415.52581784453 430.235538156024 442.596766324903 451.629124634743 454.542868943618 448.518714846286 439.043372776108 414.399453729939 392.768038162155 372.688563276125 361.664493976682 362.543248546734 371.058020829986 385.527862980284 396.297551364974 402.748767607291 406.860894114859 404.252455393644 399.000563692794 389.810555368395 374.932490961349 365.915965062142 362.52798987183 371.351241607397 385.644688893194 401.403356789786 407.396221839824 404.582624041451 390.851294445513 378.263064159699 365.158398289739 368.843335054227 380.997826974071 403.457379894884 431.750042889665 457.055810391304 468.58706801646 467.304850839353 458.584198108798 446.908239723256 433.010307483404
357.466263316246 355.989342095685 362.831859949279 381.640799305039 402.119093098487 416.37120045491 429.543447858884 438.637973264644 442.948513888512 441.27654564571 430.355655989172 418.633721102251 393.758275218929 373.743484862205 356.412823334666 347.686540986425 350.703779601443 360.42590338747 375.344435309276 387.839939519321 397.309684885643 405.701625967452 407.061891094543 405.604394510277 394.533934529413 374.209447826538 357.654381585948 347.235106302822 352.455892894142 366.909001730294 385.671205202683 396.081332312409 397.594186944841 392.335648598974 387.95713202856 383.140294774918 391.526283212682 403.012758315846 420.916404676413 443.908265208839 464.839779522446 475.60914213893 473.945430790007 466.615979087802 455.381407404246 441.614474777682
356.06686312713 357.490975478578 367.534801925494 389.163402009511 410.418366040176 422.794935108001 431.390635182176 434.173482566988 432.029015217009 426.117153138558 412.181219313143 399.079543860193 375.690404280627 357.596090892953 343.466087151212 336.872641872 341.7214118593 351.226506986226 365.13072961919 377.939035684392 389.402278009705 400.930230289009 406.419638259274 409.050865884355 397.688001253267 374.868105526342 353.984790172037 339.413472906037 341.344896620651 355.087178815217 375.030200917965 388.875715879106 394.389990005318 398.031193705784 402.333515303774 406.254625438892 417.217403121596 425.705516433869 435.928031796923 450.491258479097 464.265483016045 473.623380300128 473.032180240819 469.194053752265 460.426114129575 448.418452442322
350.352861616531 353.585607231236 366.796973462152 391.531683280624 414.086665669279 426.450021139174 432.443094903528 429.981353136892 421.673411989298 411.696758561052 396.412248122834 383.254236382235 363.07155453143 347.771595897174 337.259298498327 332.506852644943 338.844770660178 348.132995294957 360.541392942494 372.4277089855 383.893312303792 395.827552459851 403.249425793659 408.465875815321 398.402413220279 376.785888686177 356.568436007761 342.999858852902 343.643912948494 355.63356615382 372.174472678645 383.848010047133 388.301946813922 396.511019523997 406.887229210969 418.928896761278 432.072518577472 438.44384152904 442.086243426501 449.296582137409 456.848560396141 465.543825152674 467.668422812732 468.789122640757 463.509467085276 453.647776433679
