GIS/rasterFile.asc
NCOLS 99 
NROWS 99 
XLLCORNER -49.0373831775701 
YLLCORNER -49.0373831775701 
CELLSIZE 0.990654205607477 
NODATA_value -3.4e+38 
[rows 0 to 19 of 99, columns 0 to 45 of 99]
453.200408587466995 467.127700349901 493.663301709231 513.470398597826 513.24294200463 485.328132155564 440.274189825733 406.051757694812 399.693302034246 413.769829444754 437.9143528108 467.55271214815 495.689040836082 515.705043900048 524.688522903136 521.512459421588 509.682110970558 489.771223412436 465.087142339665 453.09235090023 468.076786452175 490.856303466971 493.178192658627 471.79856839785 439.415911774604 406.950919919764 385.326358869049 378.56699977576 378.163604458137 379.113412193363 388.953885108613 408.024442797363 428.755286413969 445.166518058001 450.806579372639 438.069379315556 409.874119437339 382.770899113594 377.063857603316 398.381301813474 428.736582575766 439.42041163094 422.935411551841 399.490975657276 391.477497789122 407.607686796634
459.67907663173 466.785631725458 487.07179653642 503.89595541232 504.068357314571 478.963092932224 436.902690302256 405.003609432305 401.813463948993 418.008346570081 439.068318337938 461.175255522002 483.350820858281 500.468213105155 505.567685407576 498.395681822758 487.914780355038 474.83460885245 456.304146996122 447.068739972308 466.004609279981 495.771413699441 502.50032847653 480.008761688871 447.80496379854 422.153048611836 407.55802613806 398.792987371132 388.116541439889 379.868761035204 391.542091017409 425.458611600166 463.924583659019 487.44737160817 487.457357054667 462.722423179244 422.642483114361 387.546537133118 378.545093974812 400.122853538043 432.738693667292 443.909598686177 424.572534634165 398.520968631379 391.562996989042 411.209801749577
459.01764316905 458.322229623786 469.926094126676 484.274833011128 490.968924188439 479.289567488841 448.923958096437 419.842691891903 413.802546084122 425.591550650987 437.985653843687 447.594559490012 460.476303856804 473.402324443787 475.415100918306 466.791092606152 461.275034329811 460.638159521562 455.792146764562 453.093964287688 470.631283790858 497.93254325791 504.558008016056 482.706173789765 454.251069103713 436.81583460526 427.362136698975 415.163799846212 397.990032585952 385.507974513742 396.894638366486 437.628883980326 488.456002741639 521.662740810439 524.231354260272 495.508110565275 447.324429915808 404.472845868369 390.627011116145 409.596197946682 440.025072231801 450.113098199188 433.132118986552 412.144861183917 407.555454410423 423.628219617991
449.150026131414 442.085829269908 447.083771464659 461.932033479616 477.342931562666 478.363147506981 456.200214045582 425.832157700924 414.681774770613 423.654954404806 431.670466534445 433.02606815129 439.054110678099 449.091479904056 450.228982313368 443.703077532144 445.413114967841 457.505392731563 467.009141571936 471.485698793068 483.408395111874 498.783991871583 497.813468401667 476.342619458665 453.67232890641 442.984796253167 437.069694090991 425.068816417317 408.307930629995 395.235980183579 400.535786543424 432.981114858545 481.699693018827 521.048094402812 532.900561429739 511.11060264331 465.014956462645 420.818969912764 403.359854260422 416.517578397556 440.229402293167 449.671200262087 441.883116871105 431.58873784182 427.371993624848 434.130519804865
432.843419489678 419.277410822047 418.459803399112 433.144799316078 452.52035328338 457.262301898828 436.47146583716 406.86820841446 399.505924397861 415.840212968461 429.250721201969 429.451058736864 428.848264012211 430.789715404558 427.280945566135 424.000450384812 435.810066108391 461.30546740086 484.004091056566 494.668639902864 498.651303506659 496.864503157981 483.802933056049 462.444947535886 445.040887612817 437.431076153038 434.399430856909 428.460195346525 418.733776692249 408.31555166824 405.54925815916 419.659116334272 451.331584333941 485.47081967139 502.574948038154 491.772319639797 458.935470236847 425.360118382421 409.848301423371 415.092229419947 428.298546009449 438.126126362462 443.55437870577 443.931021383674 435.876142993755 431.55339070745
418.350832010862 403.0346493458 398.971601146358 409.072811925633 422.463909282572 420.58340818387 397.704410059887 375.544802043697 382.707696396281 414.31985996707 438.906326335301 440.854334981774 430.094657720377 416.601398015026 403.922583919551 403.398314371131 425.770537154909 462.392699820836 493.125970617481 506.449650844848 504.328071584578 490.195097924274 467.910424042861 444.744814799564 426.634765291074 416.701263754751 416.16203188495 420.218373532604 422.866531355507 422.186083700841 419.234220276345 417.503475486475 424.917283823744 439.835915105211 448.206832059155 441.629782702732 426.152221462428 412.724566808442 405.452650121306 403.192855962213 405.578811814399 417.982016685085 438.594017157295 448.812356388299 435.817158097863 421.315947758438
408.319765476982 402.354052347958 403.722188484259 409.437104600338 411.203016413626 397.366707441576 371.212782439286 357.430748394146 377.783459500396 421.195220269088 455.608777642924 460.212604848757 440.042749951005 412.186809597202 391.723475223672 391.602557508165 416.068051416621 450.105678013705 474.728023045422 484.278134762247 483.235530530854 472.702291124782 453.05587374906 428.329258110656 403.339216421821 386.284674953885 385.14058490676 396.870536927343 414.185502755084 432.358666446006 441.92466891479 434.364296489367 418.874709373927 406.310339941475 394.328718435357 384.219385454326 384.718070529731 393.594202403522 397.368580507506 391.028048944143 387.245715898102 404.646440705971 438.857150194915 457.709384315852 442.092469383264 418.447909366557
404.713634355218 410.708811086334 421.643506660347 427.493539893566 421.745526263481 400.713638713745 374.869693854003 366.189889662526 388.867429245363 432.893581905506 472.156159323357 481.94187191086 459.715607565182 424.501725988097 397.418678747297 390.662163862197 404.102385364657 421.528966303985 430.822224445509 434.986134546139 440.845397616327 444.573788480215 437.078464653768 415.070561954769 384.76610768015 361.527032954548 357.242774242246 371.348848096399 400.463913873965 437.669143743088 461.497628445522 452.497828223887 419.783813675774 383.549798037071 353.518130197538 341.871920872224 358.408015319398 388.081447526604 403.876135065831 398.955943971786 394.372749360844 414.743479649757 453.767611622879 474.803780507942 457.200010136029 426.03335313654
417.534820032727 423.214156921807 434.840840074412 441.524480463046 436.00589339445 418.209810352051 399.828649808313 395.065255733013 411.640624008932 446.596186293878 483.893331869025 498.743449149014 481.379898301163 445.726321285792 411.916995728098 392.775000795621 389.987335050659 392.402262560659 394.778145288193 400.600259892599 411.025800416622 419.837652976647 417.301426560133 398.273860574723 369.153227771811 347.651881749948 345.818474896762 364.162730497891 401.486668846837 447.42881895841 473.557703836211 458.289687120089 412.954886927626 363.178732642984 325.6535240532 318.280216687422 349.36705579349 396.556447158573 425.923583753844 428.141852659763 424.915681112756 441.029209235732 471.339087589508 484.213117479845 462.87156790403 428.318333908737
446.277310199737 440.876903941326 442.874003810536 447.408846572587 446.663971482907 438.8476226194 431.474822150462 430.711797000616 438.829458446435 458.569048300357 484.497716085221 498.480584597646 488.470331580139 459.603084204175 424.630697975236 396.21983008247 381.783182829865 379.681205842742 388.807118877136 404.457669507584 415.109820458272 413.899765483575 401.194639127369 379.592944073311 354.703863078037 340.606929040683 347.803786690007 375.977708836337 419.793799666643 463.740147568637 480.456419338526 455.00398542657 401.951835493559 347.706793224795 309.137494460278 303.202578178348 337.546841190685 391.941568638288 432.144645604578 444.482772567803 445.154132915126 455.257938940501 471.587150370694 472.04689371405 447.430601262543 415.71756386179
466.976557242551 453.574530861275 446.57123883724 450.027983890039 457.423297778619 460.61806853344 461.187010567628 462.481494950461 462.752023460367 464.731481337894 472.337680735032 479.282558559618 475.762357146759 458.750320552763 431.36461198953 403.211822026291 385.860631565696 385.509729307422 403.250331285595 428.704055211241 441.237255239247 430.887675456981 405.895624887729 378.705608129816 355.144307524019 344.042339200721 355.284497751057 388.951421583582 433.527224604888 468.735486171509 473.691464087694 443.847598141011 394.797440581915 346.751049311389 309.755108203892 296.357632683796 317.322139858557 362.10385790892 402.052780776427 421.191906132523 429.438323143708 442.109622635575 453.797556479434 448.321395966993 424.229677205642 399.587833230226
458.157257503478 447.500119384041 441.594448770785 450.672284672409 468.636958229401 479.522052165699 481.550591596663 482.147525479752 478.510259054812 468.721847600885 461.295934935294 460.617406845831 460.32431965336 453.0933973643 436.429446259083 416.331468282696 403.05999439357 403.399464906983 420.760666115724 449.108048147438 467.971616691689 461.51656165854 435.660691751718 406.436568811481 380.710509134831 364.010971429841 367.128047303446 393.691591129548 429.648491763458 451.681582599714 445.990460992456 418.969258846785 386.366826276911 356.869524572307 327.928005452872 305.943857259927 306.104681963887 329.402768962041 357.379936719332 376.367319937881 392.345238280572 415.419838887703 434.367132071518 431.689324278615 410.64422594775 391.999458461714
430.058921911867 428.408026254955 432.343237142095 451.402697622408 476.704843551327 488.105645436313 485.309432638497 483.193459219136 480.995835903373 470.796656743468 458.572607509657 454.033821181752 454.554634083211 453.177010346945 447.223134458922 439.453552857915 432.509406367838 428.11033674303 434.719111283748 457.043596150077 479.97409827472 484.26062146809 468.827647450365 445.323725672312 419.03142834796 393.449041570631 381.027669132556 392.016774524929 415.518072373984 426.031758556257 411.886086609313 387.516563386886 371.560643516997 364.932360023751 353.155043546522 334.11301335421 322.365643682425 326.901675320666 340.494212109444 353.408837858357 369.139397467991 395.938546668371 420.40255819141 422.345738241123 405.315321294306 390.176967785752
415.017701547806 422.195097466872 435.98539151944 459.647367546237 480.805636621245 482.101326582439 469.05051092074 462.649369872325 464.499607482416 461.258089400026 452.019035978706 447.529837847993 450.298136109757 456.449144404457 463.574078020851 469.531610830604 467.621833068373 455.443618938144 447.919912992243 457.952570568998 475.233721984053 483.613546896934 479.802978725156 468.157141793754 447.319248056391 416.391331515261 389.085699657529 384.918677999849 400.600899966422 408.262303693748 391.780378034108 367.584558639725 358.749460309503 368.453159241833 379.259634452354 379.404405987033 373.036330123219 369.505961272687 370.806148639788 371.808797093775 374.822919748977 389.066985884512 406.22977027973 409.280994327959 399.440449663519 390.851152719339
431.554568670699 445.550627474542 462.751094596897 478.846023549919 481.74267920772 464.044065183985 439.339219562578 429.506363493543 434.83570049487 438.661671940111 434.661811009862 432.415210573862 440.126100543122 457.12994810534 478.175880161821 495.210450384026 497.371141063549 482.189384720624 466.981958896978 465.149171715813 468.924843657738 469.058807310347 466.583280217293 462.648446241059 449.393010868951 419.603014376095 385.214701288943 372.104743831895 384.818984690784 396.206217693446 386.046621836597 367.328264409171 362.71227269898 381.490191071241 412.183038210115 436.647334644182 444.2487409664 439.183226341327 429.772108047531 416.283891131791 400.188212869713 391.250822046665 390.909616834998 391.981795559124 393.630858955191 398.52924724549
471.258940668356 487.139438429316 499.598864900139 499.520690087672 478.957714448414 442.888131226552 411.977647971836 403.104169879991 411.160319472354 419.652465795283 421.309635144142 422.241606057433 432.417442113649 453.310800544734 478.821956180098 499.78724322612 507.05171555765 498.135823917695 486.279860590262 480.113000890163 472.385612643803 458.314935146136 445.537234359169 439.628457586167 432.572693307405 411.761185455376 382.557489234091 368.04676307778 376.952710149863 389.980630578295 390.575231296353 386.101611383906 391.493672211142 416.258873459 455.228033061917 490.383464998033 504.02092779239 496.205935300168 478.277794105069 454.613907056551 424.398495259143 395.431448203192 378.557557154939 378.216173335928 393.2633292342 415.860179600324
512.84043834762 521.442186015457 521.538404358354 506.11687136381 471.731752230742 429.647639711924 402.512897278806 399.513014909211 409.439596512459 418.910653438837 424.3567762942 427.74481425998 434.000087246921 443.92488867167 457.264554533353 473.127162088521 486.887491373529 491.120996793146 489.478435514511 485.868385199845 474.605345677671 451.867147661278 429.58355075446 420.83489112508 421.599907532413 415.440237867389 399.708612050312 388.779972129156 392.322641066102 402.965783258405 412.860847841819 424.045237686266 441.496478236579 467.474720018639 497.525216652721 520.606752372262 526.046354691006 513.917667055045 493.828558877877 469.581938829081 436.287096534891 398.324991215928 372.257639988015 371.564408870535 397.761194828814 436.708298797198
536.560510090421 531.085325163401 515.040929812898 491.964436759408 461.409338682422 429.554701336764 412.510877429077 414.540482228668 424.40915697268 432.49190473048 438.11430990467 440.45456017138 438.470058718645 430.459875241841 423.196164743743 428.410257350036 447.796058291593 465.912573927156 473.026518775854 470.375293988318 458.789415668031 436.940219405999 417.308467459491 415.233205246229 426.472802630268 431.041716647449 423.887008556546 416.394291217751 419.091804900269 430.737501165702 447.175931759391 466.739262218517 489.159584705418 508.667481340904 518.377186556835 517.830935892868 510.908124699482 499.445634197786 486.991845703893 471.619754880682 443.935763708186 405.671575445837 375.368670403192 372.280756731651 403.519005729904 452.149186943258
529.180343645686 511.368549780353 484.583528765383 465.147479384649 453.305978868873 441.311456519305 431.548696664077 429.921808488908 435.929107585437 442.897265026486 445.66616940836 442.210443857412 433.597838876733 417.287230889252 398.470292746762 394.462416773323 414.623568670666 440.910710832189 451.941394258413 446.577213057419 434.148916608559 419.030166894114 411.701485785806 422.043844779443 438.776616374125 439.504461328239 425.424429700886 416.160376251248 424.642618451882 445.067400380449 466.647933753255 485.509736294441 503.053298751549 511.841775562355 505.086844536125 490.57035474907 481.141939682281 478.756950472135 480.800837474621 478.025813144895 457.535593581334 420.701574852631 386.957642181419 378.964805327566 408.839753996365 457.645615598312
498.224792607894 472.580571716335 445.383562745646 439.802655528967 452.104323517599 458.37401823647 447.920077629596 434.647602706071 434.702418216773 442.234638678882 441.368147451532 430.444203178538 420.664416871975 410.934769256107 395.709001154016 387.035901041291 401.283534200501 427.455614709737 439.912583217808 433.592998694005 421.722586856648 414.290494510446 419.636134660999 439.883326965188 455.131800852355 442.135613388277 411.034443936837 393.924504754872 407.20861457728 436.433803850739 459.903210880546 472.53682383276 480.306580386843 480.521010413173 470.685612557317 460.198495570132 458.010871852684 464.05704036873 475.694886318016 481.101225666246 466.204600144928 432.769529882941 399.011655797256 387.071843886065 410.928855507592 451.75573132632
