GIS/rasterFile.asc
NCOLS 99 
NROWS 99 
XLLCORNER -49.0373831775701 
YLLCORNER -49.0373831775701 
CELLSIZE 0.990654205607477 
NODATA_value -3.4e+38 
[rows 0 to 19 of 99, columns 46 to 91 of 99]
400.902859987583 389.410267687175 387.802982739581 386.361214190835 375.825195870901 361.35848534782 348.507571995526 353.458306814178 373.587398251043 403.382958490292 429.446222047383 445.350885021112 443.282549282388 426.555265945254 400.884228773383 376.146533125574 351.530887788384 339.312884895225 339.260770274651 351.574589779402 365.436963101859 383.283174919179 397.270918287056 406.809520498645 408.176915610807 403.201294819386 394.186314422012 387.876137372002 393.126321942182 403.92723888369 409.318042014851 399.866465716203 375.150644364061 349.759359050414 338.372355934551 342.864555369221 355.616982834228 368.218479765387 374.465352168991 371.479673986558 372.287580134378 378.838908509973 388.626174614352 397.30032795972 395.019844541792 384.129179842764
403.997827413686 396.476517435847 398.009538286205 395.248418706733 380.767222280445 361.368272479292 342.746698577069 345.426864108944 368.271339508518 402.135222940304 431.997942675913 448.557777228474 445.724206259343 427.03978426326 401.482938486089 377.383745772902 353.504706459395 338.868247389536 337.305980180494 346.727167417579 358.157095737609 376.415749525331 391.581598768804 401.512387106163 405.600036025355 403.093259627804 397.132511555503 391.953695924637 396.542528719772 403.677794893396 405.326587931259 396.230012285144 376.290192407058 357.563868053689 349.760315251973 352.32525594115 356.475882543722 358.700425995022 354.07124481698 345.121389428832 346.344986094544 359.692947361628 379.083334187079 398.558042194376 403.947397621103 393.468251479331
399.079110624826 399.793856794169 407.949233859545 407.869717761135 393.626697812253 372.635661688693 351.01378826508 351.054206084842 374.183663756513 407.862464123087 436.669844127659 449.852864538419 443.213915623809 420.937919851747 394.699351573931 371.379113736281 349.520575138915 334.098845011248 331.81681274273 339.507466815583 350.243833406982 370.48181924841 389.327546462337 401.5511187522 408.657212245983 406.971529932154 401.504683303412 395.40008934597 396.940955706959 398.686552154552 395.19129942911 385.191919103569 370.039558279702 358.621116854135 356.029608986589 358.482419230043 357.052185224756 351.500254124379 338.252151559257 324.91291889209 325.337204756281 342.344921064017 367.536132770742 394.006492303656 405.535388138513 396.911030584201
379.030203292407 388.606309623214 404.579499653421 411.003286137665 403.304666335172 387.12888818228 368.981991169155 368.925100446149 390.362909250013 419.413353191047 441.666481375418 447.339235321843 434.446222620523 407.490297357624 380.198737561734 357.734414190316 339.048526992575 325.519874707218 323.914679087061 331.813821212656 343.055936007236 365.330973591664 388.993001070847 405.429676783731 417.317659560332 417.854716344981 412.922872284073 404.739127404083 400.812014318646 395.734254122732 386.332116957764 374.863109114589 364.209499064558 359.051436814815 361.147065098217 363.21087635188 358.339973420794 347.170088035356 328.763789608261 313.863284145104 313.588699454314 331.651589464577 358.883000344523 388.156403042717 403.672690714213 397.993230177203
362.062778721386 378.282337451466 399.877486697483 412.309564509853 411.927577895785 401.94688254712 390.132141101976 391.949555828973 411.249474525738 434.37101811134 448.809109241787 447.273555340021 429.733085725415 399.247159761259 371.618375261039 351.324105602106 337.669741543753 329.34665602175 330.4278137478 339.221749820051 349.924149535311 371.231346262542 397.251594277593 415.53472060955 429.221792221751 429.535853029162 422.934322766039 411.653614830667 403.338634305436 394.348222999991 382.286219470933 370.696206418005 363.602000754649 361.840560137437 366.460030437109 367.470840210691 361.546606493851 347.864655374587 328.216375389936 313.598857598978 311.208102938544 324.836673914765 347.564326316235 373.476511978286 390.057956105438 389.066472800367
362.395407888659 379.956767686714 402.078204826563 416.715624097566 420.497294719769 415.648483501923 410.691876205703 415.734214496225 433.552405893595 451.43334462595 458.800338545127 451.296488762168 429.803107489427 395.796727067967 366.196926667313 347.239509388648 339.548978928809 339.685779945729 347.471821754715 359.715177175842 369.506254670612 385.57911955171 407.897261661252 423.545195737477 436.032448646308 436.798999134784 430.21680698043 417.971559532027 408.666014016101 400.26726219147 390.833106435711 382.857430112752 380.09165426714 379.561510766509 382.750302993372 380.11199344446 371.443252565453 355.151390592935 335.498486171442 321.96877347041 318.260214169388 326.933135289648 344.043397375823 363.854714237847 378.252001637413 379.303037674909
372.710812810424 388.63575365906 407.499104364801 419.464948617692 423.824055012643 424.151171493838 428.516501694752 441.105830367978 460.693151637061 475.613545676633 477.708813615686 466.358413719887 443.544547764599 408.933325512527 378.87395280064 361.79263021897 358.962956876163 366.248236081027 379.483709205584 393.065039886315 399.260281754194 406.55151990845 420.502598106795 429.636083700774 436.794694560306 436.033053301933 428.571723145434 416.564555296943 409.720262867367 406.697319653865 404.752817072737 403.048963372271 404.356038450606 402.967201943798 401.691995205036 394.126608606109 382.472309000883 365.393161986306 348.445208924191 338.684514300193 337.014937256673 342.880550258893 354.942238577636 367.122146831463 375.860618033097 374.643235170734
396.297630448383 407.116921581514 417.828151139803 420.545190081328 419.36475068252 421.97019670008 435.111503477173 457.682341103953 482.99699422278 499.594746572012 500.273830255286 487.021188235355 464.798142506543 432.256080217341 404.02718240276 388.92840064271 388.628580262943 398.78861184499 412.391525797464 423.714552242328 424.526672315103 422.172788790152 426.38569361909 428.21182394951 430.66661366993 429.588260887376 423.315323748453 413.966860542606 410.870720075673 414.623331961113 420.85695210383 425.395505851038 429.590572901571 425.44701256618 417.460369428958 403.383646057491 388.055896229057 371.373280552897 357.439787472568 350.943053796908 352.079231142354 357.691468828661 368.699848038976 378.157496710992 384.825269100828 382.354011354911
414.473056661649 417.999431367429 417.887535081186 408.343762491451 399.281427196385 402.92024457475 424.417473932519 458.48444025047 492.39319826564 514.089590159483 516.408525137111 503.230576826715 483.191665083473 455.942735914902 432.714228002326 420.62646843697 420.690156398593 428.746377217096 436.980765344325 442.007498020569 436.484468716419 426.059020987229 422.790481030227 420.705651406176 422.135036698965 423.734649251953 420.738155856026 414.981889568275 413.638157936666 420.541709816059 430.8148682994 438.664374175705 445.03261631044 440.318177924658 429.548625632638 412.488193962062 395.686024865955 380.601216534239 368.401629325958 362.604398189012 364.327833933508 369.956854291201 382.254697510313 392.596190197293 399.741550504997 395.502469368518
422.920333640346 417.988342917943 406.284040662776 384.712649886872 369.047358665015 373.591689027951 401.734681017573 445.099402085474 486.580720602769 513.653071850619 519.467434669463 508.728494505252 491.82470905608 470.433194798512 452.866550299878 442.44782362456 440.591503733883 443.738846366455 444.927640580908 443.927433378436 434.524213709344 421.124968051314 416.214063617302 415.74827382344 421.275415098398 427.037417511563 427.078220573224 422.488553388081 418.293433004827 422.73373306313 431.69721400118 440.157096077037 449.408255913967 447.419140091388 438.766866223121 421.647307002988 405.018340760816 392.141362982957 381.605895724878 376.038849634458 377.112796235421 382.070991710088 395.472599217252 407.197452955139 416.182615979401 411.524577516306
422.885265771946 411.522831910044 390.461327314555 359.647656311744 338.701398163727 342.026478341599 372.17631645963 419.334985031849 464.745344350153 495.516854756166 505.475633092636 499.107017315065 486.542347843072 471.149015323409 459.214460320372 449.834713309268 445.324126600003 443.13733294814 438.137140162114 433.460935814947 423.294767276832 411.24233352173 408.627528799577 412.031896281528 422.071263607496 430.307441326515 430.727778974031 424.552998110537 414.683687196543 414.21513687318 419.56834603416 428.889788863112 442.342555126907 445.524244021846 441.649129359376 426.129946275095 409.204550763903 397.204648864955 386.775157408822 381.117896182575 380.703337888747 385.814073945107 401.117744128329 415.563499470153 427.312046166246 423.666481002043
416.805379994841 401.439319070453 375.444613086465 341.263353179291 318.458027373662 319.100468346741 345.763347874093 389.704303449959 434.015441457393 467.684489318086 484.620804315246 486.336342347396 478.716729482358 465.210305531029 451.907628771654 437.663763274794 427.867223974097 422.485568713267 416.873894016637 414.591672868474 408.004922839274 399.295094824981 398.735491916661 404.865646533432 417.534046177105 426.959867073547 426.808221718718 418.161433779551 403.261117269177 398.61258695789 401.872298854205 414.036798423488 433.213769715725 443.606497389106 445.866371804764 433.924056746045 418.711138446935 407.7881415689 396.812135711488 389.682624817595 385.035690141574 387.288060321477 401.197134731536 416.567641641851 431.352312299044 431.98122991797
411.06103544778 394.45881237982 368.486535683685 336.928705437268 315.658340650314 314.419400275971 334.656329216953 370.064406214883 407.721229941101 439.22125223448 460.372893642173 468.890138580141 465.001392937586 450.569843003147 432.606398536435 413.805721707087 402.28856544793 400.074506320493 401.116941997765 405.953785644963 404.37411348737 397.463919889496 395.850183966933 400.574996510509 410.607518501863 417.230232815217 413.87652654294 403.00523162825 387.266299785206 383.562301907665 389.487833824436 406.963888826967 430.494334263824 446.044190687049 452.002759238855 443.755609121119 431.144401714693 421.154300165975 408.859848323941 398.638117957291 387.589169910557 384.524051309283 393.453069229241 407.426136825768 425.014205020011 433.100787499648
412.221993598845 396.434411158974 373.001089900786 346.59675284731 328.057289608031 325.758092436757 338.838235708746 363.722594223345 392.144106490707 418.134437490745 440.678155034688 452.749897548786 450.067216074624 431.963638209895 406.50926518163 382.806370004578 371.119219603817 375.189137439929 386.228267288169 399.349577522552 402.763508380611 395.756824166128 391.747739637335 393.392724329519 399.397787529628 403.371104553628 398.141469219209 387.665140525319 375.386067987085 375.892978797396 386.865659263835 408.541506987892 433.138803761509 450.501152509252 457.222635343733 452.614813766137 444.172895709508 436.58779188545 424.358807593344 411.533808575884 395.247604740273 386.846148081253 388.327276081206 398.334958679894 415.76194718135 430.547816468725
415.471310586805 403.072720972284 384.326574483023 363.827420261407 348.098955520456 345.349140547946 352.488772219006 367.971408732979 387.152331549025 406.008633949226 427.091383453102 439.373812654978 437.353215975155 417.488102881756 388.848791481865 365.086854835945 355.887715115478 365.67650623376 382.675198586238 397.717573456998 401.014539502365 391.477376532948 386.104000495686 385.80432018512 388.769626694859 390.423122579865 384.373448985151 377.079296276362 372.201074597693 379.824843718595 396.366936231074 418.181771236609 437.511268879261 450.238033852247 453.435244744711 451.377626806746 448.743412626076 445.812302900622 435.437446852698 420.691722031086 400.775157763701 388.145118318262 383.108356157213 389.931152364659 406.943303956934 427.803353466969
424.5515252848 415.807762335743 401.188573047185 384.84520036011 370.083171145322 364.786303809997 365.017534724618 370.793118905925 380.796957288871 392.380682827532 410.46761321544 420.988581864825 418.827760833985 398.536162732226 370.209201904262 348.929783452165 343.639919836808 357.491239680363 377.188126393914 390.533090691243 392.236949957131 381.729898236307 378.523788829897 379.852440349414 383.694004608761 384.81114162502 379.466618658475 375.150147570237 376.567322959238 389.129215138373 408.662417021783 427.601818520497 439.921082535818 446.146808226702 445.81922879702 446.039210651714 448.703921845819 449.202260570935 438.888707880228 420.816839812535 398.955705559852 384.897186224668 377.562045488993 383.62424774596 399.869600274013 422.844160193902
427.534730763045 421.321708636407 409.578462319958 395.424751198166 381.458345513376 374.483540097795 370.744153835452 369.88194404127 373.406859582119 379.690371408884 395.458867082623 406.048038132694 407.159039553073 391.194313951392 368.173393828764 350.791013754224 346.582438493351 357.609157456109 372.528215885318 378.54195562506 376.279055467348 366.361759504231 367.761961830696 372.407050363931 378.451661097902 379.792369894384 377.15698454149 377.96809713914 387.236194963429 404.280962270788 424.659385332539 438.506293595671 443.112406152397 442.438404358102 439.262483373971 440.19539066354 444.812648589799 444.85780194123 432.429484212284 410.915119522286 389.800650069132 377.699316880005 372.387372385086 378.999461152756 393.370816001865 413.387011526833
427.471150218552 423.193875602279 414.714219109202 402.648831552353 389.585761764701 380.627636016949 373.358217190435 366.152955470097 363.814244310424 367.231882830845 382.502102946458 395.525348864487 401.91120265847 391.721360037112 373.793165257731 357.529679034628 350.720345073648 355.221651067722 363.200064850742 363.313134330679 360.170294331371 354.871899167682 361.873309350056 368.933240289259 375.062352105237 374.758220446462 373.657412420839 378.752050089979 395.037992676611 415.329419915669 435.641860096979 445.50033333893 445.040653341258 439.580795034689 434.232891832791 433.354341440011 435.505225988391 431.612289275868 416.412692939542 393.283467301664 376.040828983647 368.549997499785 367.904307325357 375.170899002189 386.67812733581 401.097599852466
417.469704515274 414.364883967774 409.59986361725 400.593331043466 390.359059115802 381.319308940874 372.487626915125 360.819484224176 354.513898683757 357.908353302765 374.181076073786 391.298006574551 404.606100353706 401.97387447067 389.156707358732 372.497248497718 360.396169201228 355.567023857383 355.396009866089 351.777739727787 349.896755889015 349.802365245847 359.730583050359 366.564755029399 370.407066879193 368.882514341796 369.764343735475 378.825878124348 400.307676073716 422.112608705449 441.583908662151 449.026992642523 445.643122925965 437.213817839507 429.889405515583 426.15160573244 424.465082801218 416.8729960394 401.260693712918 379.693083693131 367.936652124258 365.700978503067 369.192838460246 375.532214627299 382.938441648294 390.401818174128
407.726632738994 403.914627656429 401.477200666454 395.141242504787 389.098580269194 383.170806674666 377.009076284625 365.186592617671 357.431659299509 361.458209155787 377.055647365694 395.874344724483 413.49606139233 416.395692424562 406.209336719579 387.403704461427 369.550651649743 356.888472934483 351.788914520188 349.098649681258 351.050454525271 355.176330610225 364.031146145858 367.760713387745 367.771358609223 365.947098603668 369.018374909212 380.05381350579 402.400384940758 421.433926431392 438.081539431073 444.412927207154 441.097686211458 433.906260999605 427.164426506977 421.753523773041 417.714145873464 408.894424707169 397.194364229809 380.470189975495 374.06055881419 374.947922313526 378.990366567162 382.249783610028 386.327457198582 389.683372178506
