GIS/rasterFile.asc
NCOLS 99 
NROWS 99 
XLLCORNER -49.0373831775701 
YLLCORNER -49.0373831775701 
CELLSIZE 0.990654205607477 
NODATA_value -3.4e+38 
[rows 40 to 59 of 99, columns 0 to 45 of 99]
400.471898578597 429.610804871367 469.899357595725 497.212926556587 502.754175581652 506.901970534922 526.277300881137 551.898670142705 558.400536034343 542.677266839301 527.381669352113 526.663050544873 523.738882957869 504.886829800298 483.064520630014 469.891364448064 462.329801105782 477.207506061337 525.19277786049 564.246398005868 548.380085713181 497.635908662557 465.981686059065 469.642311073491 485.517973577508 502.047415437689 523.109388834249 542.822451801782 548.463745671758 532.594320644214 502.826383645229 488.955124098648 511.827403862818 542.044032568726 536.110231377456 501.115005702674 474.969461592175 472.627568196953 480.20139394878 492.068335058368 515.258954604634 539.387518692443 534.167895377396 497.061724535895 457.788428195926 436.921003670912
440.380822928143 456.627605960344 477.214662891726 497.714006459448 511.071907342378 522.70118684112 539.828088585675 553.014066384063 540.052090251991 506.229625649669 484.517471134013 488.605857168974 493.22689976112 483.969244875804 479.484708759657 486.675634059291 490.335578042687 500.918490134449 534.197990447497 558.91626955003 533.213770898053 474.294694802315 434.674564610545 431.320350794387 437.904486134138 444.04973302049 465.70989414882 500.848934516184 519.926138616192 505.814090339057 475.305617818188 462.903998503469 481.700017312217 499.649723038634 479.975055514586 435.068047705944 405.484416472132 407.721507317836 429.562311797229 463.46834158753 508.605300646684 543.336794084482 533.681201243498 484.326870425347 437.09730379356 420.122225064405
499.720090928295 505.98644486339 512.533017959521 526.663343028112 538.411013401405 544.059286746948 554.564789382114 567.686723079839 557.155485160108 520.155477690098 487.609060561678 476.693311226264 471.114525775175 467.382587311211 482.461249486716 509.61052782311 524.248841812943 530.11429484054 542.037655726192 547.531609818563 521.617919212653 471.625224132339 432.232737420738 420.184045016689 417.804915934444 420.241267158499 444.667073296816 484.43050163783 501.893483685678 482.607031790137 451.985028164581 438.874130963924 442.47959265447 437.769966002218 411.595881069321 380.543873843906 368.103337436359 379.805817960176 409.145080725062 451.922750472761 503.875412322359 542.190750822 539.040803133476 501.019652021563 466.238683648998 459.915005846586
534.59686411619 537.479937548587 541.484458448261 550.166204036469 549.87380840537 541.576451758523 550.210931364259 580.084082215796 593.032345080853 566.57293972454 520.897739595302 482.157953034012 457.257294504032 455.606602655716 482.717695297558 516.648045729576 530.547373257842 526.195720986498 521.093926479206 523.332453030958 518.615971774565 491.399130649525 451.960169859321 423.463456139607 410.311643044749 415.946180971826 445.78882964254 480.294036582549 485.685090159824 461.605632451309 436.380451233041 424.834618459492 416.755973062811 401.598503978601 386.329034410237 381.198936475229 385.540193509046 395.079173460804 413.980010894896 446.949172293049 491.496155652129 529.842784407558 543.372745171344 534.027762715974 522.926313325868 524.739772944425
531.019665868656 537.777651373742 545.734387798688 546.009895374729 529.593084656874 513.858417481397 531.792167479452 581.988645820471 617.064806618952 605.609995450256 557.701572352076 500.201354107712 456.572529537679 447.317655499317 472.222850504366 502.607363200629 509.651293345606 494.132314175775 482.407450991735 498.301149561958 525.631204466596 522.515184375053 478.793730437973 426.439524105657 395.658279715665 400.326268313393 431.233481249904 455.058981167878 448.067347556511 425.855228289705 413.684448926437 410.849033021813 406.328286395372 403.900682679897 413.454445061205 429.241050093001 436.123689370185 431.765351261062 431.465321497931 448.300407663394 480.684875478195 513.348594017983 535.647077913064 547.510085556611 553.344408530294 556.390843789586
515.012098350635 528.09600265854 538.582067443723 529.912810410004 503.797727583255 491.321117910054 521.235361335345 579.57064411947 620.393565728157 620.724685053153 586.053106679465 530.504593315921 475.520488888505 449.886035134329 462.123661263463 487.584211566853 492.481992353109 474.573232885327 466.262411537705 495.541506085929 541.052740479321 549.331986785742 499.838785089403 426.619860224338 376.477515042274 372.582530012893 396.31481866826 406.723007855044 390.325180077272 373.969733292491 378.324873611663 391.782688485519 405.437191405849 429.380640576618 463.630246781552 488.617015527837 491.106463443268 478.1929736143 467.1589830708 471.155981218658 487.806419478717 503.765180185484 517.068894842862 532.808476875556 544.957649583301 545.469774487288
519.05822653768 538.799521995723 547.171678717233 533.076278721607 508.232886655207 502.760339325722 533.181064052154 579.530864226162 607.978972664793 609.85106290065 590.90522750794 550.711751875667 497.354138424941 459.821793913894 458.528223571947 478.911638539763 487.620849807995 481.410424508177 486.246194929607 517.812936894543 554.538944829221 555.154728835716 502.124453377951 424.313842343959 369.956506895323 363.091363847732 379.504443048861 378.857389580141 356.026083244758 342.631624305441 356.442709512046 382.762387315712 414.197675300322 458.784248680434 505.018447744731 528.877110261456 528.255265630946 517.450614259441 506.63770547949 503.369528854639 505.980190853788 505.055498427918 506.464534849147 521.153908190354 535.832849620216 531.33266283448
535.726698898065 565.708916497478 571.40460201066 553.809818264918 532.565989980548 529.030967833298 547.610624995555 570.696884289891 579.006882807205 572.684546472699 559.565152150024 534.803704569692 495.763601013295 461.989590528858 455.571324047704 470.863975282131 483.921068733287 495.429099404004 516.469939819537 541.459517211423 554.241098464687 539.709420464596 490.465675293424 427.025085599031 389.049457417673 392.600675816565 408.768866411219 403.574845033143 377.952851092267 361.840741707756 370.815521106997 395.166728467663 432.453938863677 485.241309108142 530.634752949228 544.392189777231 536.233223096756 525.776611856862 517.564303658305 514.233602876028 514.314201104695 510.800301737592 512.936552631832 531.667459478172 547.969990068095 537.197813427246
526.655873342372 572.14593623421 582.99188146818 562.541425063552 535.766869321084 523.626291260255 528.453790569981 537.581072522466 537.533986446174 525.515411177179 508.877901882855 489.953807958179 467.596604645431 450.729657316286 452.480390811847 468.832500169615 485.153075462195 506.732185589371 534.264780609053 549.85130171922 546.213843477098 528.649149379442 493.775112187926 452.598483312354 436.212896979036 453.287214822759 472.87377820508 468.133930330307 442.320793973446 418.384165085001 408.839517724838 415.268696646165 447.504254138064 503.883837709869 546.709683838046 547.147870804136 523.655924127895 505.071961777908 498.282134714153 500.981312972684 506.319832755193 507.283161652968 515.864047086361 540.239325149229 557.657810385375 545.184084618174
482.172413299779 541.272837127177 566.578577053733 549.400861943759 512.667127600202 484.478436385141 477.070398160671 486.281905891084 496.461157000559 491.425610952428 471.376712592466 448.777764964619 435.251240937387 437.057954847459 455.443287080997 479.875237582684 497.423718843043 514.660610602443 533.987976174772 544.234863525139 545.537137707309 544.348203954092 530.278656941538 505.388578479952 496.089756314219 512.562629851862 530.215896101133 528.049798359673 506.445125847726 477.855922765122 449.708457721871 434.354830094812 455.718269792605 513.065031904145 557.99244102985 552.795978730773 516.006576744483 486.330454977868 479.771553337267 487.882428441997 492.521487549102 487.789531522635 494.716907802408 521.809104923781 541.641524917881 532.960299105942
436.774850196141 497.064743349461 536.548664533302 532.612364313286 496.083181862117 454.06400863217 430.41301440213 437.271458295484 461.910799178157 474.682986915095 461.847263171905 437.325143667794 425.175308025238 436.850755092972 467.291326697464 498.139891423684 512.966800385119 517.139217799148 522.614545516609 535.458293084199 556.671783153085 578.766852382078 582.635126594903 565.046571302363 546.122179703743 542.669224370462 548.017649916052 549.212012610511 539.15445636981 517.845751540403 486.081711394044 458.828160343156 465.856447203259 513.188836709024 557.882410700303 558.294110470649 521.639330950999 486.906689927185 480.500808752049 491.162765379041 488.451643712002 467.752230785602 463.144975119383 488.250144743378 510.672218052759 506.106921098689
417.02679574929 468.08871579478 513.093332774137 525.636277180723 502.003891221279 455.421860845167 413.282300569378 406.860028553491 435.936939859665 466.474638828329 470.675734851445 453.445755017898 441.468677387268 452.193762597546 482.439794859996 512.94080956932 523.814881714429 516.279454003395 510.817362395662 529.721318586012 570.275104289605 607.892965661602 619.482978063522 602.529920660082 568.946486716165 538.856877143725 526.680831046793 530.750759262755 535.108327207488 527.604440215268 504.515062402922 477.352135238365 470.89465833329 497.520674500743 532.20802023656 540.64383275252 517.062572190817 490.008374568909 489.690352979002 506.0507138667 500.147996296837 465.990232457946 446.238289502374 461.776139422638 481.873903224402 480.421778500292
419.450375503787 463.649216175786 506.499466127069 528.895695879479 520.944273211463 479.735949636374 427.538285893866 406.223226021369 428.307175861101 465.093706285535 482.916427572041 475.846266889023 464.768649227961 467.670359295354 486.25463551745 510.588927707726 523.223441194117 516.207493284878 507.330633073561 526.951707161824 571.845979456073 609.61166116111 618.967951223144 602.258490466345 564.495710194161 520.729580837012 496.457394636416 500.725338433759 511.548150053864 508.307026153028 489.893999716793 467.341517011599 453.735803218335 460.283740421706 479.65322605537 491.961552565273 485.154027899863 474.6509114834 486.828759088394 514.282341107023 516.350992563443 483.801698522868 455.629484677991 454.637565003511 462.716499399547 463.743516377035
434.165076385043 474.788896984864 508.040327710309 529.756559283733 533.802361088147 506.735818489974 459.476534825615 430.192544828129 438.009785704789 466.926770429501 486.87017289069 483.966075213241 470.794560109799 462.611536545362 465.07243023604 481.931472796579 504.276864318721 512.909818387841 509.926484376463 522.294411340323 551.350066306132 571.634288824774 571.213195570702 558.48953384271 533.137752456473 498.133385074945 475.072852203472 478.242341719095 485.794876404842 475.861857090567 455.774096510099 440.420719773713 429.03140708266 424.065866397104 429.71551214946 441.020891398036 445.850631836182 450.465489805703 475.230409919226 515.399180120546 534.58828679167 519.969485455382 494.274933129361 473.001201777655 458.13362468623 457.050521504734
456.959184024012 487.751646327773 503.201246784585 514.738442684214 524.283567322775 514.153320016594 481.589144282989 452.559147643143 448.304148842529 465.451244696851 479.190571760812 470.155625574759 446.176615100357 424.446551848612 415.847706420557 432.517519021349 471.447294131975 504.05489570552 512.69455911439 513.596900785426 515.806815469435 510.738106638149 498.710959975598 491.605503178864 486.219104135186 474.784472508384 465.957359043577 471.270680848703 473.94793063367 457.631780326964 436.960895195674 429.863988084427 425.83467053127 417.065091522207 410.929608598478 414.406616711734 422.252748417218 438.586592336875 476.355759669253 528.992931388351 565.431652439174 570.407031984639 549.53522494733 509.936522328681 471.918897657616 465.267429200996
475.527001491555 493.130888958239 492.32916606887 491.500172873641 500.155421166018 501.673117385788 483.853945310888 461.924523827525 455.444709984201 464.665343994226 467.240112186237 442.964302824437 400.650048006 364.750143763057 354.306144401897 382.132423814767 441.402903744256 495.423993437941 513.691161941761 504.461047873569 486.563907663631 468.035448949339 453.847478534364 451.661849883059 459.207673526806 467.2798853609 473.479821801416 483.359871481707 487.68982911575 476.424113098207 462.825375075915 462.474804807187 463.619253487793 452.9359848764 433.563249349045 419.94588248361 421.071642730669 446.466627997559 499.046929753737 561.815638105325 605.075296794055 614.549500637143 590.588639829893 540.659511615443 493.6042695642 484.474917316758
471.276261175724 486.042553305671 485.706508994205 483.589452652593 493.066834872035 500.133069284948 489.370398796613 472.279221331994 466.638567775258 470.000759741674 461.751163699525 424.585358316944 368.557585078015 322.069552118948 311.963964136185 350.095030748813 421.812948870522 485.537499289823 509.39979221988 498.752426674967 477.93835096063 464.389713672029 460.598043009041 463.992797866702 473.838225568449 486.40698080286 496.787070267867 508.349449390567 520.171403633358 525.910783056418 529.478177205909 536.555581796304 537.96719534774 522.96721831326 490.919140417384 457.691710018355 445.290301170556 472.365561636318 533.78442763632 598.946830396215 635.723541907681 633.607435611665 598.622047045692 546.584060455974 505.479133861367 498.981623829379
452.147968315551 475.402240218065 489.05043903812 496.113255362763 511.224324593199 522.731118199253 513.449571373602 493.189616440413 481.246440178441 476.976809172553 463.819559636991 426.21556750779 370.835985818534 321.884993386505 308.994290195384 344.599646843075 409.90187427421 466.135401752494 491.320458433057 489.081113359665 477.235624401163 473.007749929155 478.643193458321 485.909065712008 495.182111269934 506.403676099209 515.003719334972 524.999138137159 544.025082521188 570.339237665112 598.018262832251 617.322665695525 618.049148394102 597.161615453698 556.624820512434 510.515104124469 487.0356682303 511.557182306337 574.188971325306 634.387372564354 657.425560070139 637.281037728752 589.049782572303 538.51530782723 508.247439235255 505.645771347084
455.184496118723 488.391028620504 511.072080404147 520.209792350705 533.894969322966 546.342019914188 539.284640787391 516.324758480868 496.537121362911 485.30425847989 471.248590319573 439.214458239314 391.991274056819 347.256338377461 332.173164480405 358.210672334417 405.187973445582 442.964010796948 464.11764011984 470.055772119726 464.925221640111 460.985709793378 466.087011013205 475.281517155047 489.482484178792 505.532466492514 515.496233780958 523.333007770615 544.230228004947 582.748661823978 627.029620767526 654.501736424969 653.175448908756 627.25404683532 583.237532249627 534.163065069125 511.286040629506 540.800720145811 606.41855999765 661.19229204922 670.7933248084 635.353074366798 579.12623289425 533.537847395646 512.975738473709 513.19478501853
490.179730842308 527.067383293235 545.393277232706 544.109984426319 543.734465844706 547.475150080457 542.237496941521 524.101216103239 504.879559676574 491.732335109587 476.625246056676 446.512558091041 405.105850529045 368.418766549953 359.417344784586 383.948202527898 418.160524136975 439.40954734521 451.662345858743 456.890571498614 451.602956992217 444.761621893082 448.705832573987 461.562172347423 481.719253727468 501.45923691683 511.02581375041 514.794848404109 531.931417308907 569.934099156546 612.620418265193 633.533471407626 624.792548781478 593.698498257031 547.523973640275 501.072983278375 488.106681319601 530.065207391985 603.032572472437 656.887327479004 661.259833802229 623.962435505668 573.968471712671 538.078747324786 522.604580476595 523.786524675972
