GIS/soilQRaster.asc
NCOLS 99 
NROWS 99 
XLLCORNER -49.0373831775701 
YLLCORNER -49.0373831775701 
CELLSIZE 0.990654205607477 
NODATA_value -3.4e+38 
[rows 20 to 39 of 99, columns 44 to 87 of 99]
0.48438938296312 0.527838880778728 0.579033013860428 0.61288428502464 0.60832203314149 0.57579673002343 0.55097689619798 0.550830043924276 0.563827060492915 0.568546032503643 0.555287452120312 0.532474214994215 0.521351346665701 0.534023055723923 0.565821637097555 0.589036605576776 0.581698254050327 0.548717498874937 0.506006456497507 0.469612134882701 0.463774211787441 0.50176363139272 0.563666761509483 0.613987054648836 0.62953746613442 0.604024546652178 0.555308492764446 0.508337267662679 0.480262361058172 0.480769875273052 0.507820460052387 0.534934013765822 0.524602093550458 0.475182566796866 0.423026522770704 0.402314365504568 0.411780926671321 0.427658779049819 0.432339146318911 0.425780220087918 0.419628269466996 0.428466245844423 0.447625394586006 0.45254367540306
0.530966670219986 0.574667099353568 0.616130646310779 0.632963139502761 0.609364880865958 0.564539782279904 0.534584951492945 0.533778849098818 0.551343156488215 0.562030876650123 0.548802262379169 0.518084420969091 0.495998836096883 0.502415162529322 0.538674394219694 0.575504004253783 0.58467970964556 0.566338924138541 0.533011364566087 0.497620947687727 0.487282787152705 0.518177419907271 0.569294820346285 0.607983055945689 0.62152111475592 0.608680584332947 0.576922158432384 0.537785935619768 0.509418623505566 0.512116695115443 0.545512174487733 0.57442009732477 0.554123555784114 0.48801878657787 0.42662104871319 0.407057014896444 0.415926852563598 0.423740397848169 0.421329732434642 0.415820310258539 0.416787999028426 0.433378339261968 0.453237185964058 0.452103167551911
0.554442396863459 0.587753629047636 0.611221620975179 0.609688400101378 0.57307926904079 0.523781913068711 0.494821844090842 0.497385054767836 0.522018767822779 0.544476179861232 0.543538280794373 0.520125137368231 0.499374792726719 0.505267793935309 0.540041555346249 0.574645326284676 0.584175158188614 0.570840951000887 0.545775355299345 0.519340463650347 0.513724431040015 0.536811307276199 0.563813406515353 0.572921721038132 0.571548910186035 0.568925372428224 0.560969923683524 0.543047786962366 0.526213660053927 0.530571422039811 0.558790171335597 0.582849306847831 0.56278496139919 0.502007429745584 0.448849919352747 0.431723328409816 0.431604465024409 0.427679839458437 0.420374876673486 0.414953208054692 0.417612402957905 0.436728962053051 0.455492228523695 0.450784686377856
0.559048204668213 0.573246871173266 0.571204140211314 0.554708579788772 0.522603050514635 0.489827004154483 0.476823898264314 0.488985134918295 0.51945116308077 0.551549843368506 0.564829959100093 0.550938066410439 0.527437199271768 0.520957743269242 0.535772609597191 0.550068919333541 0.550979486310213 0.543893886775467 0.532888551927321 0.522001428650913 0.525411218310356 0.542475031968053 0.548612040644102 0.532251456998808 0.512677765454753 0.507715937003558 0.513063192294623 0.517535767890323 0.520552795905084 0.530767678831463 0.550581600641056 0.565840330078637 0.55191524440766 0.513049983782011 0.483816704998545 0.474414150270752 0.46348314838523 0.446786622486568 0.43470559433844 0.424719369913471 0.419495042283348 0.433762062885228 0.452449758637238 0.449868353622262
0.554422397892795 0.55278738368829 0.528811791282025 0.505573551694113 0.492374306923738 0.489699893016995 0.500676113583379 0.524530546800384 0.555728134126779 0.586826549316982 0.605105156754204 0.595962144950371 0.563530648980577 0.531098621937315 0.509166939020528 0.493399945925707 0.487314406757654 0.495900718158064 0.507696497509179 0.512889859619612 0.519158533338151 0.528417645188278 0.525917315158646 0.504761471757589 0.47962813916245 0.468262349203722 0.474055262481545 0.489541207123049 0.506329995038536 0.520551830468441 0.530764418010564 0.533525381627307 0.523818601034061 0.510953150281401 0.51388770941418 0.52140985370813 0.505870995170759 0.474920441975799 0.452557937010527 0.436365019802948 0.425847532036503 0.437027071271143 0.456642626549881 0.455304939465548
0.533272919640301 0.529809233704005 0.499988761108979 0.481169753164295 0.489838530882264 0.512742156945283 0.53861579425391 0.563889369933029 0.585555435335026 0.605271322045555 0.620793039002045 0.616573898013382 0.583670316378875 0.535723765298479 0.485829876046955 0.445782907843758 0.43512208245303 0.46078464775787 0.495069067151122 0.509364079173528 0.507189965180138 0.502997176722455 0.498783451316351 0.489001628105793 0.47370142997994 0.462017455748834 0.463120454038011 0.475965416609747 0.492265423166403 0.50379613876449 0.505770792148421 0.500011536439463 0.495115896491419 0.502577792638797 0.529837256373741 0.552897286502408 0.537238150323233 0.492155408009714 0.4553286704983 0.437355009736294 0.436544294416636 0.455833576879262 0.476184239519416 0.469652515326224
0.50310559869863 0.506581245693302 0.485140750032607 0.477635793049313 0.501497209636539 0.535728561631264 0.560550239553532 0.572656230164228 0.57520263547121 0.578702665128474 0.587696333292185 0.589090564074598 0.569709270826519 0.534235408583061 0.48691608524903 0.440258150594321 0.424519828108593 0.454673927956531 0.495171893293056 0.50506324728667 0.488146059224674 0.470587721826979 0.467716747009446 0.474843866391103 0.477002644882503 0.470819839683819 0.46693395243164 0.470253465840172 0.477733272029281 0.483579041307086 0.482846886677982 0.480355157486714 0.487538771463853 0.508341391799208 0.541316904989072 0.564630583322427 0.547299145301014 0.494094578378833 0.444756879250809 0.425312233008815 0.439443984113597 0.473108407705499 0.496053984484263 0.485743100855494
0.48556418494463 0.496100592217357 0.490277516386556 0.494293767114528 0.52081202966117 0.550831538620026 0.563966379154549 0.557957211009009 0.541731892033236 0.530408573047359 0.53052997978045 0.534388241001761 0.533396960462788 0.52686875023931 0.503928685310173 0.465960302724877 0.445644689255545 0.466049513510733 0.494208199477239 0.490995050151705 0.46458999128121 0.443672687469835 0.446373092265434 0.468172599019166 0.485096139746695 0.483925280397304 0.475542171647884 0.470620145309846 0.471828081153735 0.475862874913601 0.47857672030224 0.486114698402052 0.506215660101014 0.531653533138257 0.554276996809697 0.562567778283416 0.540539410488967 0.489807244677285 0.4369932086597 0.411480581053428 0.427541029520575 0.466716999521038 0.493060971306832 0.488813061190394
0.488947432289963 0.505972856231472 0.519187262903387 0.531053365737264 0.546402704151417 0.557717135196259 0.553653682351198 0.534572864722876 0.510545946217536 0.493378299409905 0.48845407314775 0.493786010531763 0.506474948855522 0.522479880573777 0.521691383300854 0.496069889450386 0.473259585718957 0.477934178486247 0.486809053113754 0.473179014400444 0.448739627074084 0.435449252400056 0.445878166340106 0.474634258370429 0.497471747730567 0.498896534657025 0.489892598741797 0.484046713908665 0.486066372486554 0.49221292237313 0.499359999720935 0.512665596448611 0.534454729404816 0.552441805358753 0.557936118983079 0.547553105634485 0.52084323458062 0.482203055486903 0.440936897445026 0.412883992931782 0.417260935633648 0.445378098496342 0.46907349450778 0.474945581698137
0.507733855448305 0.526820345534886 0.552022352458 0.565789117052602 0.564432547948023 0.549932209135289 0.524471633083869 0.495711731450422 0.473762354584153 0.462892635833213 0.464492727508787 0.477136145110167 0.499533644136041 0.526325953537525 0.537508506361038 0.521133480653453 0.496026832667096 0.483881004582239 0.474064711992865 0.454775441015462 0.438349688948167 0.436416412878573 0.451993837323546 0.478351308388321 0.499251808330359 0.503973024097537 0.500823616371321 0.500296867937092 0.505280433104079 0.511136481174663 0.518150772400406 0.530887856201253 0.546643001613303 0.553772951178743 0.548725083168426 0.530824442941549 0.506026955676922 0.484098441286186 0.464518938831947 0.442994616561924 0.433466490143807 0.441689618955195 0.456606371842807 0.46784975218682
0.532816962740828 0.544760017584802 0.566104422071362 0.57761903245544 0.567865263011368 0.533772801504527 0.486287884461451 0.445689694870608 0.426387108767003 0.427804312270293 0.44595818902407 0.47339772516457 0.505790505847874 0.538749315213645 0.556344419089963 0.544324725323133 0.51385178861739 0.485814237431213 0.461567518519342 0.439511835937247 0.430347149416452 0.436575056640512 0.450061645961304 0.463962657755605 0.476485160282815 0.485555628563455 0.492499378992594 0.498958035655706 0.503863737006148 0.50341067536864 0.504278477702707 0.51467085308405 0.529600541573989 0.537540839038264 0.538455625747754 0.531135192414182 0.518537544960895 0.511451981110837 0.508528146057518 0.494450281588342 0.476166791801294 0.471075780489795 0.482841662154695 0.498508348497538
0.547746424750768 0.549494155894641 0.557957995265109 0.568412718393551 0.566194785096693 0.531823744437533 0.473234941771764 0.42081546922097 0.397055442388848 0.403983982936345 0.436011474885261 0.478746222367693 0.521222464716428 0.558667947768613 0.577510912586747 0.562804635449263 0.525194643183896 0.490397021178442 0.466239023148296 0.450523710355624 0.448802305201701 0.457627035970105 0.460833034036208 0.454776661021609 0.453274859655532 0.462887022277523 0.476642329821702 0.485458849027397 0.484170831458102 0.47234613957322 0.464367425919472 0.474891192951554 0.498778752819127 0.520401456421079 0.536743003255815 0.546266864688173 0.547060435846172 0.546668198370305 0.546563743701554 0.532681206986526 0.511497602629561 0.5088622559114 0.533501032983378 0.562063828997033
0.54302075651848 0.537440713146691 0.536532931295995 0.551417633146076 0.568858282278058 0.553650272696659 0.500150260765893 0.440326045713091 0.406283729656684 0.408510552795214 0.443080623145197 0.491203840583103 0.53594137819871 0.571282296227209 0.584801234709859 0.564416353538023 0.527156099400519 0.504135297735301 0.500237341376721 0.502961642498767 0.510536878503909 0.517358381790126 0.507704398688411 0.485271913764705 0.472750714669494 0.478505743434014 0.48865851735883 0.488293063992046 0.472385169369261 0.445735850856258 0.428383677979434 0.439494601347557 0.473473477127987 0.508262721906336 0.533959146440755 0.550208642376229 0.555168062136208 0.554476004214393 0.550075351391414 0.531732129927353 0.511029912231674 0.520998106751733 0.567816071981655 0.614072392635207
0.529632055310881 0.516234292449653 0.51104694114997 0.533715694654507 0.572039121750632 0.581157530177331 0.539437715289721 0.47449653733341 0.428873845295283 0.424341378346311 0.457668448638045 0.504520764009017 0.543499164955872 0.569103643804556 0.572937167365294 0.550183089518037 0.525310575583584 0.527949701603061 0.551647819042925 0.573224688362877 0.587492410962006 0.589966795296738 0.571577165604779 0.544071999996914 0.529789870444516 0.530828766507936 0.529303770654414 0.512470172914975 0.480995896610856 0.443017307535455 0.417414664237835 0.422817322036302 0.45439729664258 0.489013919967273 0.513000587229412 0.526058862237886 0.52982584608299 0.530787871639483 0.526145135450025 0.504543620002474 0.484276476628907 0.50442159546057 0.565568482062951 0.618761417144911
0.521322450136197 0.497568103418024 0.490500189648364 0.520395914165297 0.569511174356002 0.590266292485169 0.555413752900045 0.488524368324664 0.437100943670263 0.432238915462004 0.471184882031762 0.522312651287918 0.557010332814357 0.568875386450272 0.558445970858387 0.535197317513493 0.528685943491091 0.556691294140598 0.597033877022273 0.623280997137885 0.634461070166205 0.629143151071137 0.604853013613826 0.578655814272891 0.568785308462176 0.568316194093605 0.556833672262431 0.528151072486462 0.491876424620637 0.456133510634788 0.431113489955542 0.428490815037625 0.444802068534522 0.464847548108093 0.479813506441084 0.487845844629355 0.492673608697434 0.501412547490373 0.50270570447087 0.480102007654629 0.457489132354506 0.476411645088622 0.532047457791659 0.573836302977334
0.524633990743254 0.493938589917614 0.488329297462597 0.521678891328445 0.565270712214135 0.578017542117382 0.544533665208849 0.486616438431607 0.441295351754833 0.438130385261747 0.479034818161464 0.533941351785986 0.568056689520546 0.568954492596812 0.544989298494032 0.522397335871332 0.532152071475583 0.574078368664216 0.613131305687293 0.628881620600716 0.630073684885528 0.61790615523576 0.59164768321837 0.569349871224783 0.56671899581522 0.569278107583794 0.552908436760768 0.518452544321652 0.486675249758603 0.465387261724563 0.454122217306872 0.453654088780687 0.457150584941272 0.458042147693658 0.459249322000398 0.461093673964337 0.467313589092491 0.48316867682448 0.490219951766101 0.468394173924478 0.442652289676898 0.449623547263223 0.482596732569178 0.505164129950706
0.532435646652391 0.503686645114799 0.504906067081383 0.53639607287191 0.561217149676257 0.555021771948872 0.524958800924769 0.490420620672183 0.463326875760201 0.456496010335612 0.478357849427462 0.516329790291769 0.544052046137997 0.54417042117348 0.521995870301947 0.507060845109646 0.525564849540243 0.565550575549475 0.591375955185602 0.593365923190709 0.588641763069856 0.579230133557614 0.5604468550754 0.546376982701351 0.552863347382935 0.561236225561171 0.541336240138198 0.499649315550176 0.470529828862952 0.464387361344601 0.472052435884654 0.483936803692687 0.484954198848368 0.46987951773054 0.454590246712778 0.449929796532686 0.458273510213528 0.477146002465607 0.485828902325262 0.467808916533749 0.443919196163601 0.437169598847725 0.443436113092811 0.452375238076712
0.534857165186574 0.509751148984686 0.513846508131057 0.53645907318148 0.542624983439994 0.52523523899832 0.505486344600899 0.497056587062213 0.490019622817068 0.478040321934456 0.471988338086543 0.48054190269236 0.497658514925086 0.507364369897968 0.502364808328892 0.498334826006182 0.512710950660798 0.537345707759402 0.550376982486609 0.548871976077647 0.548096762971323 0.549485433843427 0.545146744846456 0.54282321399437 0.557066326500896 0.568635089666472 0.542983835623302 0.491276811781065 0.461217440356933 0.466873591214671 0.489296922910894 0.510441315394037 0.510056070614918 0.480978169448932 0.450288209794164 0.444970817724922 0.463325373746037 0.486541622634647 0.494234466588108 0.481747807185803 0.466333407090449 0.454505446063794 0.443358002516454 0.44405648174121
0.533399039285827 0.500449369902612 0.491061262225577 0.499299771598879 0.500058489742735 0.490098075759871 0.485346292130022 0.493625232518448 0.500949466271884 0.493776833642992 0.479360939972076 0.473835854217633 0.484581984477094 0.501532501619797 0.508865394192485 0.506654142929801 0.504621277248387 0.507991386150157 0.513788795809718 0.518386740548756 0.524447984418229 0.533964319124644 0.544577114499194 0.557904975784806 0.578221924015475 0.586182689002544 0.550658270068775 0.488963123161424 0.457962318869088 0.47319713470988 0.504005589233082 0.525176064805607 0.519400038865723 0.481070597813868 0.444398362482588 0.448326061688028 0.484446036536463 0.515553039072382 0.521102971116492 0.50989247294096 0.502308763322985 0.4958237192691 0.481378224584466 0.472653035777361
0.537131741248721 0.488692112998345 0.45479378724739 0.448108032172155 0.454199627827946 0.460787000083838 0.468621719828378 0.483259282059342 0.499033273250877 0.506312068293771 0.507130765491917 0.509688710549058 0.518675051715358 0.530690186228565 0.533788691784481 0.521459146061628 0.49780109897567 0.478995860153586 0.477382990504145 0.487115690952864 0.497369351174406 0.51141749218411 0.536829082344971 0.56817722524746 0.591251024438056 0.587316283520967 0.540225642825389 0.475535137595549 0.449599522229703 0.473219213527701 0.505923690640335 0.518928158160634 0.505579122040111 0.467794088672301 0.439970307621663 0.458769754773077 0.507946893021416 0.543024387588797 0.54645048718125 0.533768363956356 0.528983556026275 0.529934171444591 0.520356371704327 0.503509800054241
