GIS/soilQRaster.asc
NCOLS 99 
NROWS 99 
XLLCORNER -49.0373831775701 
YLLCORNER -49.0373831775701 
CELLSIZE 0.990654205607477 
NODATA_value -3.4e+38 
[rows 0 to 19 of 99, columns 44 to 87 of 99]
0.435964502574703 0.443613234687725 0.43808948062017 0.440734216711392 0.457460182983426 0.471225125444017 0.472905264440824 0.466107070886546 0.452316230099925 0.444476199923319 0.45951777077341 0.495977783135899 0.536575496167223 0.572144493079733 0.601821101104651 0.617466893549537 0.60500949064601 0.56496127203766 0.518267173161006 0.488086678014167 0.486992107404264 0.516028459250921 0.561038994192964 0.594813269587543 0.59041885262912 0.553238917105997 0.520033123956385 0.506811974489301 0.498435626850728 0.488953578517902 0.485929544185306 0.475849068487653 0.442696727325181 0.399481286278956 0.380045132847702 0.393721966301233 0.418392130510826 0.431798374748097 0.432180844120625 0.418226090090557 0.397798379023963 0.397954835646267 0.442755408117746 0.511077160226095
0.430925605810961 0.439694791735709 0.443696669924302 0.454368365144171 0.47099023621985 0.478710932746034 0.473035484322225 0.457996644234839 0.437761154365547 0.428195050937731 0.439286495809685 0.46577134346461 0.501336539886738 0.543629441841741 0.583887040682974 0.606589933038686 0.597803060165787 0.558322152728579 0.507739976930928 0.470033497332285 0.456850281261828 0.467602544470522 0.493049140935643 0.514651395812846 0.512180685154959 0.489612712996444 0.476081740746547 0.481013140429579 0.485772359824385 0.482363476151912 0.482465681385585 0.47962697125103 0.457367825600503 0.422382804198105 0.407917292703205 0.420595737470535 0.432276983158168 0.42647920764631 0.415263336502767 0.400891066392048 0.382944547044909 0.385778605022807 0.435847357347213 0.508570184870171
0.466175908700796 0.473526418585778 0.484967175383223 0.497869578752082 0.50336498476228 0.495234041602087 0.480363629446373 0.463437844162166 0.445775126964234 0.437819415308413 0.442177409971271 0.455684930107614 0.48313845398264 0.523472859914737 0.559945903623769 0.575973684983323 0.563294124752626 0.524497477360974 0.479172702470263 0.449908671118184 0.438432542152966 0.436259664374425 0.440693583256798 0.44665835464382 0.446335657690069 0.444454709621419 0.451557956995058 0.462815685072594 0.468190399329566 0.471222726012355 0.483411787076266 0.498130846947319 0.495575769940531 0.472236173428482 0.45835825564602 0.46632367110649 0.470014055157084 0.454780598154323 0.436542656633753 0.419569002211343 0.399673642363121 0.39595657489474 0.431783232972048 0.488618727751099
0.510713151399211 0.515537517851106 0.532055801840972 0.544740219209187 0.538667317552491 0.517104182706826 0.498940578217372 0.490341057976802 0.485131808411505 0.480754684323462 0.474556502895343 0.472241616046371 0.487076966312794 0.514268398401789 0.533585670330968 0.536276146962877 0.521985622871557 0.491192945576144 0.459463757711483 0.445935896859061 0.443559104869698 0.438998857494258 0.433676980739508 0.428505087204172 0.424186678456704 0.431698602442989 0.449719369357042 0.462235256500655 0.469438917560896 0.484841578051643 0.510169437311345 0.533922577398915 0.541866821245353 0.528570138331274 0.514237525322977 0.511865204784744 0.5056084046607 0.488541873542557 0.473683805546681 0.460032229952853 0.439748238706189 0.426294819717238 0.438533983003463 0.470487581745651
0.525622681502878 0.52732084741785 0.543481203413765 0.552712618632302 0.539628778647322 0.51479869737799 0.502788214732264 0.509549477621499 0.522250470281269 0.526172246007058 0.512972030725018 0.494263747309554 0.489016331725062 0.494026406571622 0.494254411302287 0.490952105383582 0.486141211260184 0.472541998545098 0.457035435920266 0.455003005457479 0.458900521008581 0.458071278559692 0.45543770720202 0.449001322064179 0.440594365320618 0.449045791649514 0.473049021776924 0.492232408066174 0.509854507272887 0.538396530194278 0.564726473885123 0.575543904419883 0.574410777738211 0.564065303709251 0.550692233224755 0.539193923255844 0.523585756283633 0.507659977937612 0.501028327241981 0.493764621468278 0.473616922165899 0.452814748418869 0.448885195414481 0.464677989526993
0.506846610195161 0.503031268340723 0.511896878232401 0.513746159468083 0.49692456610674 0.476170871314914 0.475180015406471 0.498701659061398 0.531891338477076 0.551712023669103 0.5406628110642 0.508352283457918 0.478495429905747 0.458714090097486 0.445730759172987 0.446872288344253 0.460015593791454 0.468066702962437 0.467493212094425 0.469232130554117 0.471991513178692 0.473515568562118 0.477988658927101 0.477088423947433 0.468904061019977 0.476187073535691 0.50289571176569 0.529549930592923 0.557570551232445 0.59172000166433 0.60845524911558 0.598589740361549 0.583229808826644 0.571553833664365 0.558750227957066 0.543332388489516 0.524727444268952 0.511092712083265 0.508731622209658 0.502138048399501 0.477101994441435 0.450247452422453 0.443273241043984 0.46096470520124
0.481177506759022 0.471679660731988 0.470932914395932 0.462646366374317 0.441482937376934 0.423904200695768 0.428893975820253 0.462074699283364 0.512352105985831 0.550093280613227 0.548343852563982 0.514138644949441 0.473499046903123 0.439846412214981 0.417806754021846 0.419688662524779 0.443376009324084 0.467533349793104 0.479827988600264 0.483776253163757 0.484068317888998 0.487133256167778 0.498090106232549 0.502535307242957 0.493730058666396 0.493475853360518 0.510865566386698 0.533597489563708 0.564813048930206 0.600808960762668 0.612013766523576 0.593580481021356 0.573613786156212 0.560584928760456 0.546026887712191 0.530087683798637 0.51525790774327 0.505499185445151 0.501073139923578 0.487804706610505 0.45593911738175 0.426314051862941 0.424367291204771 0.454482507304693
0.467127061211199 0.454599541754285 0.448926288178313 0.435254017263961 0.413890015220101 0.399250663884588 0.403386456541272 0.434385120645437 0.488306610139517 0.532688370362331 0.539314400968895 0.519450953458464 0.495390145495354 0.467929536375372 0.436148692769381 0.419716309364444 0.430927838084359 0.457179556967266 0.481700075144179 0.495900206922097 0.502111644218144 0.509160260193461 0.523103751942005 0.528677148133192 0.515244791765854 0.498181501340817 0.490976024768302 0.497377327129776 0.528392018396712 0.57109832466447 0.588798316040106 0.576014402561901 0.558010154905059 0.540799943306928 0.520925659438615 0.505310977030769 0.497041811819851 0.490934403564161 0.479347787298893 0.456840399310396 0.426683194913477 0.408405966827429 0.420380405629465 0.46434649039225
0.457889024552144 0.444891182702225 0.443541028677836 0.438509353774969 0.429817751737573 0.42424682827878 0.42598287166776 0.444821211240217 0.485563720386033 0.52142021440514 0.532047648425826 0.534413988785793 0.541138954383308 0.531717036199078 0.491951077141287 0.447235226925284 0.43025916257124 0.446159376151994 0.479894719205629 0.509527792979741 0.525987506079505 0.534809164751184 0.545745841074355 0.548530202116575 0.528463105999637 0.492462371931533 0.459290154782534 0.450036029553979 0.481829450772237 0.534627942489832 0.567039299939963 0.567268033368244 0.550674125740413 0.524564271848974 0.496849931883653 0.479245781890351 0.471605789068782 0.462926153217504 0.442506505978814 0.415887423287959 0.400790880254776 0.409815698124865 0.44382378343935 0.498864182305686
0.455378680633324 0.441887032325855 0.449845005214214 0.463908176573685 0.477160885826354 0.484169299765076 0.481633659667791 0.48043435525473 0.496398297832541 0.516985648975408 0.5306688468716 0.551136381833563 0.57949739422919 0.584466585793672 0.544759681658666 0.484693660181625 0.44695891491983 0.451594414194362 0.489192309456245 0.527504387987029 0.544355934046663 0.544942456042497 0.548422046048205 0.549098393501993 0.52541959274168 0.479159618782941 0.435047774091489 0.420788817238468 0.451081304725061 0.507440081650905 0.554295471057012 0.57029000433194 0.555088151780392 0.520676939068428 0.488013097259548 0.466989462940618 0.450474138921425 0.430854398693889 0.405188773350316 0.384897116293646 0.389699812923727 0.422097635651944 0.469999401721528 0.527688566778886
0.47119561645569 0.456443914029109 0.469924154736892 0.496781751439021 0.522043519615507 0.531265064505367 0.518575589259919 0.497138734733378 0.491481409532673 0.502284389052815 0.522329414287792 0.554522521773734 0.590219127351301 0.600264383155574 0.566861299055377 0.509137869664681 0.467015882008708 0.467549082447466 0.506794664352795 0.545112477408416 0.549665260567762 0.530683463343304 0.522006342648649 0.522042210243392 0.503316689404887 0.464226359435007 0.429847680545788 0.421466866248597 0.446024922244036 0.494148038280854 0.545122520056859 0.571003362572859 0.55617562679822 0.517935756705834 0.488777495317863 0.472708877304203 0.451732222206108 0.422790025335766 0.396371500860573 0.385555231784762 0.399520525998873 0.432126126661888 0.473537608508941 0.523482479580205
0.48945348454764 0.475446151826009 0.489591742214677 0.515761336959187 0.535129601428805 0.535387810195483 0.515400321676537 0.488525714161219 0.476811724129122 0.484727800019616 0.509429880206232 0.548600184733378 0.587417343125363 0.599519542878749 0.573440763167463 0.524187469396933 0.483609931535442 0.480503920522445 0.517201634890762 0.551714935717199 0.542661630712015 0.502130938163458 0.47704873413046 0.475292339857009 0.471319994063859 0.45678912684017 0.445886141140876 0.447958858603425 0.465381498664216 0.499338997799673 0.544161717954783 0.571691151294377 0.555756644142186 0.51437447940981 0.489508222694652 0.48673524153326 0.478365112515673 0.45376362821754 0.428557903798539 0.419296591558892 0.426487834240735 0.440210548496269 0.4612231883871 0.49625764577631
0.480659759787133 0.473814658863798 0.492708365202996 0.516642026012781 0.525412868109743 0.517639278465695 0.50210899075059 0.488845985566985 0.486265455690589 0.493482697687446 0.515132658303085 0.555610237008851 0.598076194930389 0.613380377726552 0.592883315779852 0.549608610944363 0.505839118485693 0.488535396426767 0.509109106377755 0.533343628310417 0.517488729127848 0.468578882932327 0.435312969275818 0.43530296367394 0.451922542987046 0.470315615411908 0.486647321492035 0.497094184027677 0.505073960534574 0.522787903690889 0.556370465590045 0.582641298712716 0.569301727995157 0.525933100410565 0.497264573818908 0.501760208255778 0.512282181678269 0.502270280575815 0.479212683885361 0.464166795206005 0.458599299678665 0.453442033532351 0.454925823620734 0.471282836054708
0.456655563147372 0.462538750122945 0.492761127817636 0.523869163566218 0.531434422762614 0.519903465827122 0.508523200824718 0.509490432061343 0.520818383898668 0.531909982751243 0.548407061958537 0.583105440928876 0.623369211578849 0.639600129317593 0.622513180932575 0.581422575238098 0.528706991304084 0.488701823236945 0.483232454521946 0.492047270059662 0.475675235747062 0.435290471812291 0.411623956979175 0.424376227005329 0.4649833778311 0.516337018940413 0.556960605214572 0.569271155293605 0.55955075445711 0.552404653773375 0.56582128423364 0.587383762415594 0.584456679114892 0.550827871667847 0.520989285111556 0.524564230287464 0.543963871548196 0.544640826342545 0.524845410485981 0.506056085008791 0.492882980263196 0.479725719562066 0.471263585703198 0.470290613445829
0.454651615267085 0.473142335218209 0.512646810314411 0.552344931337966 0.561743062249746 0.541450086440796 0.519839536581201 0.521887919755144 0.546738589335693 0.572149747336579 0.590165064246467 0.613787526322761 0.643434042527824 0.658840186123239 0.646839346970201 0.607593259601064 0.545882844587084 0.486104045617253 0.458691194134605 0.455266973031687 0.442022767247707 0.416821118690579 0.410688179551376 0.440315121489383 0.50190605941531 0.578371839458206 0.634762636271079 0.642477784449433 0.609657779947728 0.570457851159178 0.553273597451486 0.561447448930729 0.572069946771969 0.565920430618505 0.555095326435679 0.563241972640999 0.580383987152469 0.579577075701959 0.562125894464933 0.546402143651723 0.533946533300859 0.52232248449757 0.514834193827244 0.505015497070845
0.472733166708484 0.49666303142292 0.537037859371294 0.577088828675077 0.583689489492027 0.551419879020415 0.51376430862042 0.508776356212789 0.542430194376522 0.584244815714104 0.608585132992954 0.62298869653848 0.643104589643564 0.661443114484287 0.658942485835016 0.624237106282281 0.558432504357209 0.487743776703419 0.447253972107722 0.437678063565521 0.431911844720015 0.424615797034251 0.434353571560717 0.472055442147367 0.538309435934529 0.619013409962538 0.674487607464728 0.673737694091154 0.625647966888512 0.564546257754836 0.520828977532751 0.512438953635352 0.533916713412768 0.562147907132358 0.583570159205701 0.602124974419904 0.611285973801269 0.601797649678103 0.587577319878758 0.582085818720147 0.576096642292391 0.566522268362557 0.561302458782679 0.549998855588163
0.475089427653341 0.496971312844142 0.535221383847644 0.572722767614383 0.577697144832042 0.542222430588665 0.49972740012864 0.490083679451992 0.52112495685445 0.56342157347319 0.589149362842981 0.603581998647691 0.626481953075939 0.653278024324049 0.660211348693389 0.629467619465814 0.562461334080668 0.486518153997315 0.437499239860595 0.424868670878618 0.431289142604327 0.446866372377682 0.471725145440099 0.506682596934394 0.557139007182469 0.617594809428123 0.655679378726693 0.64791043936128 0.601176036579911 0.538111886276378 0.482661891232332 0.462764798305921 0.488733832846786 0.539138312544182 0.581949492043133 0.604223805139083 0.60508757152857 0.591575288419861 0.583889615784911 0.588291946372757 0.587063934114457 0.575774645250471 0.569129046175607 0.559699315828488
0.451148527422288 0.470845980073152 0.511858737813906 0.552704672074017 0.562416231707416 0.53301402122923 0.497130254320308 0.488082170868366 0.507571097270959 0.533515454923141 0.552554072566763 0.57322272514029 0.60754365037196 0.644038177240585 0.657654740361731 0.629978693719628 0.563718165108866 0.485850008732437 0.430953502972562 0.415367756956356 0.431834921451742 0.467317467454653 0.505301348903144 0.535395271172217 0.56354344997968 0.591747324177355 0.602686024377149 0.588059340675126 0.552325246084644 0.50150817539867 0.450771013510037 0.430593231057441 0.454616423034774 0.503023304687333 0.541285454646064 0.555140699277353 0.552468086024851 0.545786521427317 0.546214225885611 0.551829899694959 0.548951670735455 0.537170582056977 0.531920076479885 0.526905718408044
0.430511099671262 0.455249664449544 0.503530177350174 0.549627706803132 0.56292239889002 0.538200427685641 0.510047295078814 0.505183380475253 0.516703416816036 0.527256647204189 0.535918064421999 0.554267699243577 0.589125414173774 0.62754533169861 0.647710128912629 0.630104497325407 0.573824435984319 0.501692831074789 0.444606303193858 0.422600342665661 0.438382554193832 0.481824391895557 0.529490376180452 0.561637289466921 0.575835871629315 0.573305730657304 0.553908774524284 0.527955808721644 0.50134706596274 0.469900635998474 0.441001110205635 0.43436548735278 0.4510043777898 0.473665163306003 0.484125463135315 0.482243262110456 0.4814632840468 0.487461774552993 0.494149827488231 0.494014445027383 0.486320490576875 0.479441494250352 0.482840096272075 0.48442469495156
0.441311488327163 0.476561278911146 0.52980490305838 0.574439351845666 0.583500364489808 0.558265548704366 0.534461820855082 0.533392563425063 0.543861905682073 0.548304462888613 0.545103047493361 0.544758210215874 0.5593832640254 0.587190570109844 0.614058611483094 0.616061346368076 0.58245135773009 0.527571758116099 0.475044696370199 0.44441069579869 0.449880916345784 0.492303277726265 0.549369216256617 0.592121395499226 0.604084582069714 0.580962156806522 0.537114505387321 0.496919099347612 0.471926360711242 0.460446077172063 0.46346893418955 0.477271178125348 0.481735941812173 0.466306964290129 0.440829480376386 0.425195039573309 0.429657502489251 0.445304017755204 0.454202619310545 0.449071467040167 0.439098651425409 0.439595454758176 0.452987264071495 0.459179323117391
