GIS/soilQRaster.asc
NCOLS 99 
NROWS 99 
XLLCORNER -49.0373831775701 
YLLCORNER -49.0373831775701 
CELLSIZE 0.990654205607477 
NODATA_value -3.4e+38 
[rows 20 to 39 of 99, columns 0 to 43 of 99]
0.424798121174917 0.423133154153687 0.435753012836587 0.460686172293312 0.499308972159118 0.539306658203288 0.557215020176582 0.547973047858912 0.53399559292377 0.539661513639815 0.55691283709676 0.553144113031486 0.511115222201698 0.450041601385875 0.414929099106984 0.435614573091767 0.490019822526739 0.518791556893008 0.494503199610106 0.452506400416913 0.439737802720847 0.458575345812526 0.481357921552394 0.492268916854002 0.497579395921977 0.500971026722192 0.497173834489705 0.477252071059783 0.440508056964702 0.400463088306031 0.375435072976853 0.367763696558549 0.364639905499467 0.362399322471963 0.377600237252835 0.4167311492869 0.460651893653181 0.483432007105175 0.474080174637234 0.440992365373808 0.414098895340308 0.416866773113051 0.437488535948231 0.457088207512015
0.417700010222817 0.391941657971945 0.38856709272739 0.410982966960028 0.459573213013735 0.525310794331593 0.57618888905219 0.583288301116471 0.55843775167527 0.541439586690312 0.54360534921784 0.53800003919108 0.501391778815149 0.447412787485433 0.421404702088623 0.455803982910083 0.523525170144206 0.556842851486021 0.526753584957601 0.473574035015115 0.444510878858835 0.44018788771478 0.442313407850278 0.45319377135896 0.480194845039225 0.506274074870074 0.51020733400612 0.487507579365502 0.445635072115191 0.397953647899896 0.362673189786264 0.344457173584733 0.331848783867859 0.322548666231148 0.335592738817784 0.37635503063597 0.427647869455051 0.46711037406359 0.478562708786077 0.457638591646986 0.427381615800709 0.42176458742752 0.448526430213878 0.488622058101118
0.435325882963547 0.398646177618152 0.381128610596706 0.391111306974888 0.431761991758011 0.504011238751855 0.577431791748447 0.601527723169699 0.568781031497255 0.527798247561832 0.509943585650166 0.499743848906653 0.474959678025603 0.442622173073995 0.434005783795896 0.472996504078375 0.536087858584587 0.566269190124871 0.542378131914453 0.501109982878741 0.47349588017892 0.449868689985185 0.422793058615068 0.417792334540259 0.453150525501806 0.502575689041856 0.52716084267318 0.51358103670396 0.471140389571082 0.416285810835261 0.372058441053873 0.349872067492583 0.338802700310019 0.330044382581231 0.339826899089681 0.375856935095051 0.425137418177969 0.468953322391214 0.490069535655886 0.478177659549497 0.44977550004262 0.439479026298489 0.464927759741595 0.510705634677851
0.47465005176379 0.441237897490157 0.420191085597279 0.422768360854023 0.450764529220835 0.509867691435846 0.579724755791714 0.605899501514246 0.566597912482771 0.509636216651775 0.478011616792253 0.465724187741458 0.451634825614565 0.435717986821655 0.433878644266091 0.461276673093191 0.505592305030345 0.532095621197177 0.529574647821342 0.519503311087533 0.505759661750327 0.46930818650694 0.417092066032416 0.392639107351016 0.423265936008917 0.484263705006391 0.527717027808377 0.526755753684163 0.487525620735893 0.431597636490898 0.388008707621099 0.373766547261839 0.376760023753723 0.375630623784675 0.377654403944207 0.397310354789239 0.431621407558923 0.465526312504703 0.483398527000122 0.474527246568142 0.451882642897958 0.446140014455831 0.474624415148388 0.521762107960555
0.51709362948149 0.49348880192258 0.478701821702131 0.484613755883328 0.50648942378463 0.545193808596837 0.590063923196673 0.599734488043348 0.554520125376619 0.499285108231096 0.47607876020318 0.474801460593773 0.466761471157609 0.447421732285316 0.430600619515115 0.432675867706927 0.453859832594204 0.478718144466207 0.501902596239758 0.524841333022429 0.524996610940565 0.480855695108742 0.417827744833441 0.387965596179138 0.41318957845612 0.468110977622024 0.509128417428717 0.50892402905554 0.474145370307952 0.429279360782276 0.401723415185785 0.40450706292947 0.424101231706593 0.432523053753091 0.427548989210738 0.427198140673183 0.439378850158515 0.454060081594679 0.460087484698257 0.449617045188802 0.433342369238836 0.43650622571771 0.471914864415173 0.521665990679751
0.530952355947737 0.517287626707144 0.513616838924088 0.529599831248297 0.55414884566941 0.579016118882702 0.595626529845093 0.581189547897163 0.534231207136726 0.499366435793033 0.505512994985339 0.525875689770845 0.520610779584287 0.487002218659115 0.447783937217266 0.424762033869573 0.424612553078571 0.443063110421006 0.479439569307471 0.522355978428748 0.532486069386649 0.488687759422383 0.430390445271319 0.409822352680707 0.432762404593925 0.468015555856566 0.486649083167408 0.477224756493055 0.450082086524696 0.42497752908047 0.418549173074031 0.433241294087447 0.458122187430282 0.473538442674013 0.472925033803428 0.466795680232255 0.464953758661557 0.462405091390488 0.45470348066601 0.439212814065784 0.423627560790616 0.425552109582343 0.455353972176353 0.50062087046365
0.510830788766298 0.499914269109464 0.504137993050661 0.530683308734633 0.564478784949081 0.587598695348923 0.5874226613562 0.557680887590266 0.518128369742259 0.507995960049094 0.536868739793293 0.569279452238309 0.567800113745122 0.533088239727232 0.487912307662036 0.450886504614918 0.430361719880699 0.433264836315766 0.468541356760768 0.522735989220552 0.548466146129534 0.520002730012154 0.475163845442918 0.460866148370955 0.473137302701534 0.481180334025487 0.473514673664848 0.457004444107202 0.441680615937681 0.436487265542674 0.445571333075579 0.462054532667458 0.479886089196068 0.497006881792974 0.508555303032534 0.510688829551466 0.506682965211947 0.496939646005517 0.482535577301165 0.462721623430617 0.441415190732254 0.43057995851907 0.441411940741871 0.472291581332375
0.4889012178593 0.472344290200121 0.475127180119242 0.50348567117354 0.541950021938539 0.567756667647978 0.566925918499698 0.543959028921962 0.52503749863438 0.530297566076813 0.552994943440783 0.571854497152897 0.571640502590101 0.55261607018327 0.520859206532209 0.481748265433402 0.445117034958835 0.433042130836367 0.466222243291256 0.532624564579861 0.582393921298178 0.581724337983342 0.550385632543411 0.52598362218511 0.512267927966021 0.493248729094599 0.467934516500164 0.448285733274908 0.440556440005808 0.449075127420526 0.471605205988418 0.493552341834498 0.507657669660176 0.523847055793748 0.541627142969534 0.548239269394094 0.542207418898638 0.531359978607213 0.518824800726668 0.499098056915927 0.473498791832154 0.453921259602273 0.449761101634262 0.463309862958161
0.483671943826971 0.463218186179662 0.4575832298867 0.471412724960008 0.496190328640857 0.516647647841099 0.525581376761363 0.530326690585767 0.543700968681867 0.557474636207999 0.555313013972587 0.54298357343869 0.53491008277486 0.531062317644269 0.518387366728108 0.48788313707013 0.449978982867979 0.437622979944999 0.474685871296187 0.547160775848271 0.611900464653653 0.635288794435319 0.614036858024077 0.572794753286357 0.533174828576909 0.500578495418927 0.471542819241222 0.446819363807457 0.43197622737506 0.441375310032143 0.475260387044777 0.51154093537658 0.533500955108446 0.550321455045325 0.565511163048435 0.568858037541052 0.559877224289586 0.550434710142049 0.540809081039376 0.520545184585934 0.49506606840093 0.480746633296165 0.477341490556217 0.478633340611292
0.487678598570976 0.476104744604461 0.464568137796542 0.453736086360838 0.447766096265284 0.449938895185438 0.46649155854799 0.502452914106966 0.548478187809522 0.570329308712181 0.546815868040246 0.505379393946488 0.48222742349102 0.481357096600196 0.483604896255681 0.472343201506296 0.453282243734065 0.455843061438866 0.495255571986956 0.555613128909408 0.611610111213343 0.641111326768468 0.625064902037059 0.57649770759882 0.530564470575765 0.505087890451106 0.485721418007581 0.457902802724369 0.429874670938893 0.429102673710985 0.461899191643546 0.504498943238321 0.533616684203273 0.551474986246888 0.563339299752392 0.567578988764785 0.566008473508724 0.563375014442185 0.550499699882461 0.519533079326252 0.492144504511024 0.492318575058713 0.504851807133062 0.505883146130182
0.492130007424542 0.503068325456932 0.499414968162496 0.473344533637738 0.436999994092067 0.413853681816004 0.427468870695275 0.480941596067014 0.54574689727718 0.571084321720736 0.535181444322306 0.476048658524096 0.438797572638045 0.432254241540053 0.443979235637166 0.457713672695248 0.468409611866134 0.487699239961094 0.519228236077093 0.552837246788102 0.584969477307896 0.606058186879497 0.592219144886532 0.550952164301026 0.518209538164251 0.508776253867616 0.502139055699459 0.480696826105776 0.453386520587081 0.445105816128575 0.463197298635783 0.492094129869289 0.514666044567086 0.529315015882229 0.540215243955956 0.551998863677654 0.566781844745107 0.573982696227746 0.551556873293668 0.500323760252706 0.465476720604249 0.480413278981644 0.517264736460914 0.532157402276808
0.490140240719303 0.530141473122869 0.553628631818143 0.534828355363423 0.482839062913943 0.438366038899571 0.44286145365822 0.497786979378011 0.561561211615906 0.578526228479575 0.532798804819698 0.464909714930993 0.418874204680987 0.405876886725346 0.422909712173514 0.456698848643057 0.490572665930781 0.516347586075184 0.531787479076964 0.538095831518519 0.54720635573289 0.557271824281796 0.548944451070436 0.527751752594421 0.516183225686425 0.515750303482071 0.512749441058276 0.504485976497327 0.497521925192105 0.495723299333123 0.498198804924791 0.50204617286237 0.50592107442678 0.510244660899898 0.517137239604066 0.533685020473574 0.561448181328903 0.575718519052393 0.544281228859291 0.475363308662205 0.431142286937879 0.452319683464949 0.507765555122537 0.541395265770923
0.474257151120937 0.536271188024884 0.593752420660422 0.598004043431777 0.548978977940054 0.498343927527965 0.497325761294941 0.543107001820549 0.588685926477146 0.586338530249707 0.533322819974875 0.467253176036049 0.422296295981036 0.407705070897765 0.424800686171825 0.462650790323042 0.500312109501035 0.521023312925067 0.522069957268563 0.511531423797813 0.50532945675104 0.506912999181393 0.507932456535351 0.511622121628301 0.519978571103016 0.520387593790381 0.512454007162881 0.515555841766125 0.534471969951365 0.547754891453289 0.541115850611281 0.522740598805064 0.508046329846317 0.500257985572835 0.498011751719709 0.510084944177035 0.541310694783406 0.561740211812205 0.533363572379036 0.463124055130565 0.414023745087658 0.430256014227902 0.488361626901118 0.531943412938951
0.451287671280167 0.515708408151757 0.589712138294074 0.613723289558426 0.582853055203423 0.54749125869235 0.550380917457832 0.580352978426693 0.596189858994689 0.57137658813382 0.519975297017015 0.469713907114775 0.435256811018453 0.421041450033863 0.43118661976779 0.458946019484592 0.486808688845585 0.499620396458498 0.494505270451626 0.479142685543196 0.465621879220452 0.461539675599718 0.469981581612854 0.491317492743077 0.511343779452444 0.510103272862769 0.497190632555525 0.506181314119647 0.541336724544103 0.565924557900309 0.555964906968479 0.526990696047699 0.504457470031284 0.490351911637416 0.478443814777105 0.47971951825936 0.506668304772737 0.534554069950981 0.524070921953133 0.472093605487238 0.427706457570683 0.434470487832792 0.482395884866926 0.522603811423049
0.436483994538189 0.483841017766034 0.545230668253138 0.571939866452847 0.564615806224864 0.560896137254304 0.577277776713814 0.590115782195897 0.574026924190605 0.533410850323802 0.496270461757769 0.472600952904238 0.452476424298886 0.436150780822657 0.43377520548446 0.446691145616797 0.464725523993697 0.476589599081788 0.475554857680655 0.463854732538405 0.448682814411379 0.441271957669036 0.451762246495848 0.477069981903368 0.495705185757647 0.489767579723169 0.474657724321624 0.485295808486356 0.523518694273038 0.550457418070347 0.542290006236545 0.516479228399806 0.496825878763532 0.482620056816616 0.466773157024116 0.460361848429359 0.478974037766517 0.507124316178069 0.512178965921533 0.484592471811839 0.454923546901145 0.458680782790027 0.495347050045331 0.525601843144923
0.42822846899322 0.450124780937372 0.483761378704219 0.503780630446014 0.519168554814629 0.549139166060644 0.581371385769899 0.582380192302097 0.544883027050859 0.501631354603885 0.486220594171902 0.489466795573784 0.483515344537808 0.466474892607484 0.451218582115547 0.446507846891106 0.455087001274891 0.473218870144269 0.486162307679217 0.48340121931322 0.467793521094696 0.456368542134948 0.463066950002458 0.481065069219227 0.488882500147304 0.476890225894159 0.462862302063187 0.473289578334782 0.506395717608134 0.530588702684257 0.528406345200704 0.511810896679091 0.49562450528681 0.482149281335579 0.470812840408486 0.467507605748835 0.478622323124848 0.493312045076743 0.494876204808582 0.482994466570767 0.47471996055746 0.486951678250211 0.518196307104834 0.539258722487284
0.419469880304307 0.418692557943443 0.432004693484725 0.454542144921371 0.492610289283218 0.544508332429553 0.583512118829161 0.580066381771075 0.539126905813348 0.503902119560791 0.505242514232845 0.524858066933344 0.531788133884582 0.521214099525321 0.497751199383873 0.473235295645199 0.469262399374136 0.49423408700163 0.523709452635533 0.528952989090031 0.507817598262766 0.484456837908996 0.477352660549696 0.48066374962881 0.479690305334756 0.471761036607475 0.467591276040765 0.478753158653507 0.504332791717096 0.525791593471861 0.529587722908891 0.517079568162788 0.498465525931881 0.485462434487262 0.484146236073735 0.49112264636908 0.498817850987448 0.495108971632028 0.47913533546883 0.46967631732012 0.480781702784186 0.50791342351661 0.539055007101513 0.552689838528845
0.415063104827516 0.403662818666119 0.416075059229239 0.455204774271336 0.51139676940097 0.565558914500391 0.596767470826837 0.594045898351405 0.564467356081666 0.539325239156334 0.542670295621067 0.562044642903769 0.576014624243987 0.576425968016249 0.553836688299348 0.519236780190848 0.508913779023031 0.538516813552912 0.575834086769017 0.580743154808353 0.547386540476532 0.502035191701256 0.469079837012901 0.454648379960958 0.456479026154001 0.470010692165694 0.485931658223356 0.497978830196635 0.512717627115757 0.528650386528688 0.53304707817935 0.517664958119931 0.495113768254042 0.485149675246267 0.493351644792709 0.508896707246215 0.518265441056921 0.50661177169014 0.477074968036013 0.460463495457564 0.47763553958019 0.514765954182816 0.548433405015591 0.557652953603269
0.424160071239144 0.415424004636474 0.438439783608528 0.493520619955627 0.555569340172438 0.598469440424778 0.615157878983684 0.613551641467958 0.597103033839474 0.577712932038727 0.573029001473431 0.582134568920128 0.594912690501728 0.602847600797347 0.589105818367891 0.562821451016907 0.561241520065345 0.595767342085802 0.630682408220793 0.627994868027552 0.581469555873428 0.5132365121823 0.452753290996652 0.424264720763237 0.437238070237109 0.477456095130529 0.512449582943549 0.522093974621689 0.522650670454973 0.529299542029404 0.530881290527609 0.513344956160793 0.491051630371745 0.485814312829701 0.498272933365214 0.514544202262197 0.524461251631057 0.515143595632717 0.484536827471223 0.459883137742639 0.469378162205712 0.506974545868224 0.546199162511151 0.558435881846655
0.441672185301783 0.445523555847801 0.477964319515931 0.534052680266688 0.587439861982857 0.61798369383495 0.626242359094976 0.624779260196955 0.613624539037608 0.595580751560624 0.584130958692408 0.581748988479226 0.58270389225071 0.586390361425706 0.584125003838228 0.582017388804551 0.601190113610654 0.641467570811541 0.670759447055676 0.660604702110213 0.605068704599268 0.522761348596727 0.446911488644402 0.412698506314682 0.434032600099357 0.489455712828449 0.534604276991815 0.543216053184078 0.53540385176687 0.535240978246734 0.53442779696785 0.517718818901349 0.49817705607516 0.496031626542201 0.507370642427307 0.517137952647473 0.520191474208125 0.511240683896485 0.485493950792111 0.458142256894802 0.456478613651513 0.489095487842762 0.536408787428672 0.560646494818522
