GIS/soilQRaster.asc
NCOLS 99 
NROWS 99 
XLLCORNER -49.0373831775701 
YLLCORNER -49.0373831775701 
CELLSIZE 0.990654205607477 
NODATA_value -3.4e+38 
[rows 40 to 59 of 99, columns 0 to 43 of 99]
0.547321478799539 0.518871549839526 0.468947503742007 0.440562625875068 0.445131030641216 0.46141245131301 0.472300031663197 0.474425214723098 0.46789549280744 0.462224626168533 0.482247010959252 0.532332694360268 0.578847298252983 0.59035844873062 0.572296278257382 0.543264440484297 0.515026802796675 0.49268990893951 0.473893317251053 0.45010360687978 0.430616286225221 0.436478524038405 0.467975697238708 0.502580582485907 0.526215601038472 0.546108829445226 0.572668714258982 0.597334607864727 0.605742414359075 0.595890215736529 0.573060231567374 0.541785197384243 0.508125368053063 0.481566062210928 0.472516106511493 0.486723119071828 0.515854651501193 0.540876635813535 0.546641601845221 0.530002053302562 0.500298101632629 0.4738920130876 0.457913670845971 0.451441736648985
0.576925318304019 0.553138452325496 0.504900932015408 0.466046362223884 0.448018654920394 0.446689483126066 0.458712155085708 0.476195779420153 0.482039535069834 0.473267935268248 0.477206191564328 0.512019254322562 0.554967899744576 0.570599455061577 0.554438228093948 0.52503060165579 0.501093263533154 0.488118831077995 0.481280648212631 0.471327013777286 0.459665211681006 0.454888889917359 0.462830889836404 0.478667079997175 0.491363955417386 0.495428334772468 0.500905182871316 0.519440361664519 0.550281216848142 0.579418753909604 0.589915889358987 0.573331115445356 0.536571074119533 0.501002865178334 0.484081060786857 0.485517286992731 0.493608603532316 0.502783415197769 0.506353419336976 0.493834715107001 0.472561878700665 0.468494211664354 0.488614182766037 0.513409227502449
0.58241876483784 0.566027495551564 0.523344218654558 0.480552899287816 0.449809501603626 0.443083238727238 0.463812120676305 0.493548924989549 0.503585326295625 0.486963093002687 0.471759101446786 0.487896558742138 0.528449322988862 0.555099733983064 0.54539220867981 0.512679893872998 0.487696360677248 0.483128799534286 0.489681634122759 0.493268584778495 0.489113157202458 0.476467966573809 0.464637724700386 0.464632715763408 0.469533347358681 0.460707779772405 0.446293044305726 0.456971380277068 0.503856564048251 0.561639754272541 0.596624368302446 0.594689373812239 0.564112998334156 0.52706726078811 0.498892034897118 0.478930508268837 0.462257768957867 0.457474133341158 0.464168522926696 0.463280415214389 0.454097060934038 0.465208833055387 0.508207981503774 0.558744746311265
0.56585977194979 0.555008445292046 0.519564550664933 0.483349963136311 0.457268126728658 0.455878545088571 0.478916303393932 0.503744589031343 0.508356938057246 0.490105219957673 0.468436198682662 0.471385683453315 0.505470493093737 0.538571676517814 0.536487148138285 0.504647016387394 0.480678997138395 0.482271174714707 0.494276400549239 0.50078731537949 0.501108239627733 0.492515776021969 0.480857611669811 0.479390025612926 0.480603367489537 0.459772533967186 0.42842260237579 0.430526992934728 0.482313777779614 0.549161097071108 0.588784446739785 0.589032883038181 0.56198784396584 0.524835128645994 0.487087481304296 0.45282517922085 0.427481947468486 0.424983699296501 0.44260136065036 0.453902580783615 0.451489709421492 0.462140221674024 0.503101660454574 0.557231447274406
0.555565913438417 0.55462590559456 0.533769014224741 0.51307268620771 0.49838244623653 0.496887567919289 0.505308535321381 0.510477572142898 0.507946727733168 0.495919394451516 0.47502479637055 0.462473846011516 0.478996112759125 0.510343453194451 0.519861887555304 0.500589021459563 0.48349571623793 0.485050866437226 0.489553860244874 0.487862863994955 0.490890231661613 0.4982427167925 0.504303816922136 0.509266659358905 0.503138217416337 0.469871606244549 0.430431693609291 0.430736546745638 0.482031924326397 0.544416083600093 0.575435548564243 0.566870230849645 0.533883573054001 0.4914441733604 0.447422499964624 0.410993527042535 0.394326249928947 0.408330088710964 0.441926106030948 0.464743733224649 0.466935565956038 0.469608794540992 0.491008877498185 0.525424849613918
0.557111250667376 0.573749157239327 0.573569017087996 0.56807368185252 0.559027662964073 0.548796568207455 0.539198498632009 0.530101398082187 0.527127520732208 0.523398487227583 0.503438553563961 0.47407601208596 0.467854153882372 0.490549113403583 0.508855623147646 0.503345640066477 0.490271711775461 0.483240933003635 0.47431745008109 0.463203434734771 0.466333690642679 0.487287396593971 0.512510558426371 0.525362773964056 0.512748961114849 0.474058845140909 0.437490665366953 0.440865275518467 0.487274061943078 0.540917198377424 0.566069726283722 0.552656418008009 0.510641074983578 0.456636701513109 0.405667016899956 0.371961613092874 0.367890642888605 0.397904699645158 0.444811802321124 0.479816711846889 0.493245752091349 0.498045306499218 0.506613410316686 0.516975159700492
0.550734022427312 0.582508498411673 0.598150545608453 0.599815274291309 0.589716979524635 0.572886974089166 0.561154169204479 0.558240738402387 0.562069844852549 0.56060516830611 0.53914725574283 0.500897950605711 0.479039426366392 0.488566877619903 0.503185702833951 0.500284112461116 0.485821382510688 0.472110336400693 0.459345568426885 0.446900692535871 0.444174796170058 0.462522018798022 0.496367723008151 0.520370928952359 0.514280254222399 0.484734382892818 0.459098792445341 0.462830920530747 0.49498233540349 0.534744880116479 0.559598106848437 0.552176823049653 0.507568004789327 0.442969315065175 0.386144210844762 0.356634605829918 0.360759297109554 0.394996842171106 0.442064310745937 0.48160354340436 0.509456218261012 0.532404406938005 0.549926384307667 0.550106004860225
0.536821653284374 0.566658570702545 0.583500192432868 0.584150424779282 0.573030214551021 0.55913245505558 0.561050877867884 0.578591997171632 0.592900910707664 0.587510482209374 0.559852472747741 0.518191738878945 0.489532425051999 0.486884820363709 0.490390875647841 0.482165908312609 0.467095676041603 0.458591747968666 0.457997318064864 0.454390608846972 0.445043031306612 0.450293556752334 0.481006325465227 0.513969108260963 0.522476194380777 0.510897397853433 0.499920629975168 0.501922255259268 0.513717917639377 0.532077307874163 0.552745317213104 0.554853275142994 0.517964353956403 0.455557442648201 0.402987076463004 0.38031314163916 0.385200812617336 0.408083034113179 0.436423609654932 0.463395319011164 0.497001136758048 0.541389553494648 0.579718439110794 0.585058079384409
0.528766823947835 0.541354317132932 0.546755885363485 0.542198280991312 0.535781213308373 0.535119596050234 0.552780024928885 0.582845965039953 0.601072486296487 0.591440102292071 0.557495121052552 0.513046683293622 0.483036824667134 0.477194156703018 0.475655350719889 0.462871160800039 0.449265198306325 0.453961724097243 0.473816175838819 0.484699159383536 0.476052130597814 0.472097789503943 0.490842733761352 0.517159987352274 0.529728818897798 0.531897444846189 0.536336215207926 0.542722297262361 0.542987432934396 0.542880747148177 0.553298749264501 0.557972908246537 0.531533635982821 0.483971760877272 0.447882713562182 0.434904800718665 0.43370605065584 0.432593675508984 0.427350741777081 0.427414319523651 0.454132859704437 0.50962482052075 0.564676406494227 0.583385698895589
0.525650041359628 0.526238824662039 0.519995281162075 0.50899686199145 0.510655235423895 0.526685888160164 0.549073011407881 0.565960299785885 0.569809576859312 0.558537756150719 0.530506654667974 0.493223787775433 0.47088571141029 0.472791785058853 0.474941586144852 0.460330232387352 0.448025691056425 0.465864247053872 0.504544742711344 0.5289035379433 0.526778446690339 0.520171178531714 0.520508676591452 0.521462398771258 0.520433080284917 0.526404785528576 0.544401748711011 0.563540984329145 0.569743636489889 0.566732216867546 0.569168079269313 0.567445345748862 0.542991952067726 0.508621232611145 0.490881500907004 0.488753696247974 0.480383051078793 0.453082482683133 0.414275383613223 0.388729104060043 0.402948041941655 0.456525400618807 0.518888104194338 0.552791541872075
0.517344764751383 0.526220248830761 0.521758016074001 0.508436140524363 0.514402687094192 0.536947458985278 0.548192293016587 0.533698778594802 0.512068539002359 0.501540236564665 0.491381009096031 0.473065217113978 0.46473433345232 0.476159858149413 0.484336949600476 0.473842096938407 0.469111345359525 0.499748740107315 0.54967343005262 0.578256893281767 0.576506303020033 0.563411836635426 0.540929100361246 0.510076933177491 0.489652111645442 0.4966052525185 0.527349993488154 0.560837244358016 0.578973978863932 0.582106668063023 0.581241382235478 0.568907328071068 0.537266148767603 0.508822463777516 0.508116275620132 0.521702042557587 0.51386454340784 0.470685121086484 0.413984699776091 0.37760348720643 0.380122508031692 0.419773630872954 0.476890945939459 0.518569262514277
0.510409734052837 0.538803852153883 0.548208311166213 0.538702421330524 0.542005079703992 0.555907430638184 0.547964945498291 0.508093428180899 0.471334368835728 0.465226705274675 0.471231760544456 0.468161116977719 0.467673087640818 0.481724391657057 0.495489248388612 0.497965997972871 0.510230665782989 0.551972516014963 0.601441876291663 0.621398033068148 0.609229473337363 0.582083845858142 0.537452922099069 0.481788638029994 0.448117894219426 0.459559058482766 0.503702357382058 0.545593123342866 0.563706231381059 0.564628111528996 0.561160178840514 0.542852839443894 0.506918434851417 0.486553341095777 0.507096872640903 0.54266203017803 0.54330835786517 0.496544011334927 0.43816393130902 0.403547023977116 0.396986371356245 0.41681901319136 0.458533635884602 0.496771420165985
0.510930687900101 0.54836460487623 0.566324661713313 0.560476102285281 0.558696032052148 0.561374318595799 0.543720727104796 0.503072308163668 0.473513409675929 0.474898854261631 0.483677909247173 0.478361593630951 0.472194403808374 0.482383293850512 0.501948414218759 0.520534692741588 0.549042555529232 0.59380503887712 0.631690666427209 0.635551152221575 0.609720911575517 0.569894185996189 0.513934278585028 0.450701397612199 0.41663148792875 0.436885771287001 0.492319402512865 0.532842085885617 0.53470948781852 0.521821568288459 0.518474334774227 0.507200278054498 0.477991441930343 0.467597504652734 0.503720809060685 0.554507282584879 0.563830814741741 0.522545054333013 0.472127300266256 0.444989792085524 0.436929807065084 0.444968724183358 0.470629744029529 0.496077735783551
0.518522902912726 0.541679492206345 0.548730719638472 0.54005632604042 0.535915596208084 0.536206018321149 0.526521529077206 0.508769601103303 0.501622703420167 0.50733677188145 0.503750223835516 0.481762486498336 0.462141833139852 0.465729622248422 0.488436678151906 0.516759094093507 0.551603554796173 0.591390239214627 0.615759494523125 0.607483890412765 0.576133344354156 0.53659314320553 0.488281365451807 0.437532396798201 0.414987269250853 0.442915007016959 0.498523871009109 0.524629830780731 0.50286546279948 0.476719686613662 0.481358433256318 0.490287756387974 0.477388425241785 0.471161049219006 0.50292248662792 0.549889345158981 0.563894821107379 0.537432501846744 0.504076855444059 0.48913258446153 0.48929563416116 0.498285185348838 0.51043777541452 0.514392957811346
0.524791187871762 0.519258239277793 0.503425115837999 0.49010404437277 0.488581026069078 0.493342663218197 0.49950287619218 0.51079401547453 0.525352426791485 0.527441195549658 0.504120243307809 0.46487882366013 0.434819586247982 0.431890063843905 0.453714874367745 0.485422073031104 0.519983123329545 0.552331679223778 0.568576446082375 0.559624230404286 0.537502846617248 0.514553119357177 0.488001280286693 0.457110545273281 0.445114013685757 0.471002428578732 0.510826007010776 0.511577763886777 0.469382930530513 0.439149173955498 0.455709523463198 0.486006680349568 0.492280398982048 0.488087042114655 0.504824355023005 0.537010896939815 0.554147230165181 0.54913561719938 0.539875492796281 0.540303149893432 0.550853984277197 0.561660161298483 0.556553473480479 0.533341576934372
0.513241990049138 0.48648915603129 0.455609796167161 0.445501473865047 0.453444733226191 0.463457350083086 0.475485265223341 0.498574529620904 0.523145987475134 0.524552871350534 0.496813387239392 0.457597472800664 0.42629132234662 0.415552692365948 0.430997568168931 0.462472960013176 0.495481261853242 0.520652256736008 0.532788800076911 0.531392275014991 0.528738532529762 0.530598904404006 0.526310892111199 0.506780394539564 0.492054925291407 0.50225894582986 0.515963447154 0.490678734435746 0.436606492199693 0.408852038063446 0.433495084138575 0.47537757061817 0.496134278388246 0.49846208727633 0.508449783359911 0.532161421066049 0.554483833833386 0.567865950911311 0.577249561117323 0.587270899119531 0.600292174774529 0.604264319725617 0.580645782245653 0.539870803484463
0.483149755493461 0.451716040597222 0.421844738069856 0.424026244324256 0.445635066169749 0.457675946286842 0.457660656504199 0.465422266700502 0.486112930182916 0.500855559510233 0.498987243270812 0.484452640305486 0.46142849966596 0.441646121007148 0.445866899171414 0.473461475552827 0.504247331975147 0.523296647805433 0.531840662303972 0.536471168090752 0.549357450193108 0.569892257239205 0.578835222541612 0.560475384007773 0.533479386387026 0.521923260264534 0.513109450209644 0.47641139505233 0.424173055727907 0.402140796770274 0.429279726885582 0.472859668738521 0.498954636403619 0.507530214702808 0.519364143865145 0.542920412761755 0.567996106468576 0.584497207346817 0.593787239285518 0.600867437890928 0.608689913964659 0.604444146266085 0.575266245659327 0.540220954753011
0.46611021312657 0.434979523156361 0.41129395206514 0.423736479717956 0.452176607731997 0.459783041107707 0.439890009686553 0.420120900948731 0.427072153894678 0.458092050739207 0.49507569471892 0.518392336942011 0.514170724494184 0.494074890385728 0.489474695561335 0.508288091814148 0.532658828505709 0.547229258129965 0.554060365473163 0.560776839749033 0.578689149582416 0.604476518833277 0.615386836115292 0.593631456321565 0.554912735273268 0.525627934435657 0.507098125312562 0.480253231127822 0.445771323842728 0.431690597854046 0.455667582483084 0.49431021353891 0.519287633996928 0.532106428081276 0.549649603074468 0.57457767295471 0.590915006335964 0.587097504149754 0.573096161959508 0.565483402883208 0.569165233355019 0.569833420513475 0.556487582563981 0.5436260530069
0.482114058067755 0.450053553618819 0.429214219200916 0.440805259383175 0.461091532425372 0.458499527509966 0.427101497258201 0.389676930385624 0.379426236745602 0.411118193495357 0.470374764092348 0.524089650228571 0.544542562135367 0.536950609204058 0.529397122686179 0.535266414105643 0.549718422970337 0.564477307148484 0.576316297857998 0.586140324509695 0.602124400203643 0.622171257372505 0.627245484020222 0.603162480802503 0.560961139215384 0.52436117868873 0.507026961688763 0.500313161876038 0.489105241428737 0.48081203441222 0.495449385744542 0.525758930291264 0.551018911488106 0.572337443494506 0.599422550391075 0.62337041175331 0.619915886419678 0.580700141814335 0.531278788802733 0.505430546634856 0.512640827206915 0.532927342000808 0.545432274005041 0.549599599016382
0.510150812037716 0.488539138563274 0.476677017229169 0.481979463607146 0.482525853962155 0.465519285988112 0.433131712890233 0.394478425191191 0.372663491451633 0.392671163542102 0.451088421463383 0.514902115756693 0.550573047519882 0.552278258152165 0.537643568730293 0.527235361633191 0.533074593237646 0.554346985257464 0.578749547297662 0.595159082573503 0.606034149424852 0.615584497377938 0.616075269447942 0.598422416552206 0.564887313733072 0.530836702717425 0.516823466211222 0.523900305432565 0.52659616982396 0.516419554454837 0.517284121676681 0.540698669864155 0.57383796187701 0.6096325528046 0.644757238442235 0.662689321452245 0.640466903941457 0.575257095236261 0.501786767726673 0.466095348968974 0.481719981616198 0.521156365819243 0.551649311161673 0.559736308291147
