GIS/soilQRaster.asc
NCOLS 99 
NROWS 99 
XLLCORNER -49.0373831775701 
YLLCORNER -49.0373831775701 
CELLSIZE 0.990654205607477 
NODATA_value -3.4e+38 
[rows 40 to 59 of 99, columns 0 to 43 of 99]
0.458991324566687 0.481395372501947 0.517695307110252 0.559368878998061 0.59312448244483 0.614974116162219 0.625211171425367 0.624937345902525 0.610829641030142 0.590794645208207 0.578373230416145 0.568268319967295 0.54990222657896 0.537704614231687 0.545706314172022 0.574707493290991 0.614675277142638 0.652845003987362 0.672418555965122 0.657249101977473 0.599001271359377 0.516994524613827 0.44661744158533 0.417574002981252 0.438371554988637 0.491698123141901 0.540186875488828 0.556750594518416 0.552866015110815 0.549329870444661 0.542641318568334 0.52410219743529 0.507638275094151 0.510018565545723 0.522012629790735 0.526355322143347 0.520306366612282 0.506381514727034 0.482322787639097 0.452704798724656 0.437779085544118 0.458253682411391 0.50855077397823 0.549704609186925
0.465659487535018 0.504075174814706 0.540168764593324 0.56491563745341 0.579687771236082 0.595720128791376 0.611575666269867 0.613073644157979 0.592689769122769 0.568240538584715 0.556992122596783 0.544420655473409 0.511304534048744 0.482685006231704 0.494908833028967 0.544505831801352 0.591777102113508 0.61620223445622 0.623106580393848 0.608805688993757 0.56033388516561 0.498105972596189 0.455165855999745 0.441309504371579 0.452022208581217 0.485094503302564 0.527672380820863 0.555717606294844 0.560827167215126 0.550502887282789 0.530068237419468 0.506565030982079 0.498519813461889 0.515327356799855 0.538588976101344 0.546984959819131 0.538896427036993 0.521133336288697 0.494205555514161 0.455794875200926 0.419147029530169 0.41358150144062 0.452759802241002 0.508874759603743
0.450210491319642 0.488651211529825 0.519696516502548 0.539706238280839 0.552833403853847 0.569486629424767 0.586898242768975 0.586390430781353 0.560601026895744 0.533311837565522 0.523760361876442 0.51418072092488 0.480537037917395 0.445993885579202 0.45377995198035 0.501380430635183 0.540736454035065 0.551880540094999 0.553823789573464 0.54896832846574 0.521895982214808 0.492916803341405 0.487093218959218 0.490409131995477 0.484624475170542 0.483850756858937 0.504668823738546 0.532430821830069 0.541734306712706 0.523675087097294 0.490705473629852 0.467267428809269 0.47679740868005 0.517934367504944 0.560917176352341 0.579841461134524 0.57476029543923 0.55598880673684 0.526129223804784 0.477468993734249 0.416599971341092 0.377889052012074 0.393432276337526 0.452535115254626
0.414078993538242 0.435303059650141 0.458681158209123 0.488525123545083 0.517260162825036 0.539934737809756 0.554555806501434 0.550963506948084 0.526837205953001 0.503840206408162 0.49632187546818 0.488632856457569 0.460638555901401 0.429149977048327 0.430166511887648 0.463764475296153 0.492578183765391 0.502728774760632 0.511668886533711 0.518475136890381 0.509839566660247 0.506648655271792 0.524912987627434 0.536392617375983 0.516824172823278 0.487165023005874 0.479955634324835 0.494004950876193 0.50318038327779 0.486992113608486 0.454899714891951 0.439676820345176 0.467869131811329 0.530144861330233 0.588708846588416 0.614219676282781 0.60870026225062 0.589024135253588 0.561508270454673 0.512761979366588 0.44060010347395 0.378742230320095 0.368237575635124 0.412459440089868
0.387945945822969 0.385754267930896 0.399544119428653 0.437814904163979 0.479670560817925 0.508353552102296 0.524379838562424 0.526122764391512 0.512860920646537 0.497430758288789 0.486990905596808 0.472977737241297 0.444931221363639 0.415866072926842 0.411628012314529 0.434089361648145 0.460158428413214 0.480930963871875 0.503123454356389 0.517357641331689 0.514687120870091 0.516904592870578 0.53493498791977 0.541538343632974 0.516581005818632 0.478031374565649 0.45678672818322 0.461954194369787 0.476993583772208 0.475217791810402 0.454462817139133 0.44572762566993 0.479549446709972 0.54798334100112 0.610489545125618 0.632943530387104 0.618590774969734 0.595270363796183 0.57553856761209 0.541029735212982 0.479654277011972 0.416402414436656 0.386745441220214 0.402542703620461
0.397648355156071 0.378539761859951 0.380333685316093 0.410829595984819 0.45001750441908 0.484549119999248 0.513571968815192 0.53087107408833 0.52864112641055 0.511334274119943 0.486731219412935 0.459363520541791 0.42736785980907 0.397275440349169 0.385152777567368 0.397097833713441 0.423962950457486 0.458303297825211 0.493264899053691 0.51146217106803 0.508249965755525 0.504240922793179 0.509848781984525 0.508039535032489 0.485346615565207 0.45268312282096 0.435812049517337 0.449991147219244 0.483478053724367 0.503282564474773 0.495354909782522 0.483985936860312 0.505061440018227 0.561594566352756 0.615083909508459 0.624495731976978 0.593407091816806 0.561251174139359 0.548340876495634 0.536793255431036 0.506980050890927 0.465816175342368 0.430143941007171 0.415936552532173
0.434346985327808 0.41321351967102 0.403965559921167 0.411773851236334 0.435286741697534 0.476332014665675 0.525205575626838 0.55772656004704 0.554880889936047 0.520803934259564 0.475178676059313 0.437735965436616 0.409650808341128 0.383622367261058 0.363641092649981 0.36253604838709 0.38636200331926 0.427627744218764 0.46773735710956 0.485135047941938 0.479122816368467 0.468301057858892 0.466073802137657 0.464459411911085 0.450773999767812 0.428922248422188 0.424982811423242 0.457537118558459 0.512919537118355 0.553294705764662 0.557128021914838 0.538508051157255 0.535560314765449 0.565949449455037 0.598966068591913 0.590295706743271 0.543475368173224 0.502213832560588 0.491569785820619 0.500554627127043 0.507312527189573 0.497745304837791 0.466803268667325 0.430532544238218
0.474313760621952 0.466587880127945 0.452455076093747 0.43408670889973 0.436375162864359 0.47948962004943 0.54344552509648 0.584701755791043 0.574556578606607 0.520614160511405 0.456179444970645 0.413549337404402 0.396497698489117 0.384367460925694 0.366958870941977 0.358622937898418 0.375687601023756 0.411392313501421 0.443097165178135 0.450789262476685 0.437883156278794 0.422251814398728 0.419555602766024 0.424424078805246 0.423754004164269 0.418769251826931 0.433052379156759 0.479994565566314 0.545436849409897 0.596568033607753 0.609446404333405 0.584426817966586 0.555072026075344 0.551132178533604 0.557641327659371 0.537388698430368 0.49247447304714 0.457302496878331 0.451912640326281 0.470351727833214 0.493994579350935 0.499336031491358 0.471509384312262 0.424172516217937
0.51581870555256 0.526596883458165 0.512330856037242 0.472322551585839 0.45144819706862 0.484463062683829 0.548262810964834 0.591774888229419 0.580951651286707 0.521504020822824 0.450077318263592 0.404535383308141 0.394203991393 0.39648695907026 0.392382882106515 0.38938617069128 0.401877129712175 0.42380447954635 0.436731720389744 0.427463249479105 0.405423042761577 0.388642189182585 0.387348041388605 0.392686924753948 0.400075133734628 0.416367432712148 0.453042439347702 0.507561858457804 0.568957930579542 0.61874416214977 0.634798201212482 0.605061313487484 0.553920891998514 0.516331607081385 0.497413251602753 0.477536248792282 0.456667124372201 0.449572971920163 0.460734853945133 0.479686268003367 0.492875956634603 0.485815654557438 0.45212426759307 0.403235596717755
0.555434239527218 0.58109460174972 0.571631448451052 0.521284970453426 0.478574923301868 0.486147838276609 0.529957199978034 0.567659171050774 0.564636872801316 0.519089529167234 0.459921124857186 0.419209760945172 0.408028113087201 0.413812281910525 0.42117315392016 0.429449163873068 0.443052539586128 0.454551334274496 0.450051736293501 0.424257924416647 0.395541422222945 0.382529753100001 0.382690798028172 0.380235643205798 0.385389340160672 0.416088275020044 0.469140599176425 0.524128230694395 0.573383943648223 0.613637797465106 0.628518837809176 0.60000777319713 0.541347482134653 0.483643291181203 0.448094662133535 0.434767020574371 0.441370583732109 0.464472568932576 0.495189011139269 0.515138727208507 0.511629783969548 0.484359224183889 0.442642929373305 0.397647932898285
0.578116535417717 0.611853929945366 0.612090811958304 0.565326837797764 0.507751808387481 0.482617972128054 0.493364735529449 0.515883097673999 0.519030000662894 0.495494706473247 0.464837817736809 0.4436642244133 0.433749072608633 0.43322407934997 0.439778299150007 0.452729356210085 0.470182145131352 0.480728912724878 0.468529608324093 0.433112602704153 0.402570349255937 0.398000915450248 0.405352582900968 0.39828833489408 0.393437184312668 0.419919316028595 0.471552242553284 0.518649676684783 0.553673261952885 0.582903841212783 0.598396704815782 0.58183252575955 0.534757614550771 0.479406471996922 0.444866846362574 0.441114801080994 0.459746527494351 0.488176022898106 0.519399521715475 0.537622845750155 0.528718489309643 0.49690451016926 0.458331145884577 0.422651389574575
0.571735340739635 0.604969202254069 0.615191137184951 0.582483696026567 0.524861996413413 0.479213472900814 0.463559042334618 0.469492277749763 0.471343315479728 0.462238520317898 0.45811748836736 0.461366203432269 0.459977221265296 0.453551825512567 0.450392313925138 0.458045791968567 0.477204256589983 0.49113190889421 0.477769590607664 0.439303195397773 0.410314254116882 0.415187790719085 0.436393609185933 0.435698877520074 0.42128862243884 0.430024316805826 0.467779141569015 0.50488189400403 0.528785023797262 0.548025388954767 0.564123269608388 0.562942056252029 0.537676103547037 0.502095102488267 0.485840545218943 0.497394563823934 0.517602640983049 0.527883745972955 0.531992711829447 0.531392179112079 0.519876343295933 0.500846901785546 0.483649044718156 0.467546352550502
0.549335999920268 0.575321520130128 0.59065051094865 0.573909908605859 0.529154178241011 0.483809586220071 0.460711257917916 0.457104489118924 0.452215858411086 0.444210946493028 0.451136719097976 0.4702525857017 0.480974495574147 0.475669206156442 0.464581904357048 0.464947996090199 0.482990569865692 0.496640791804661 0.480242840440688 0.439772300159496 0.410999802304624 0.419434509710398 0.451880747888036 0.464102469989707 0.449564480567375 0.446793376574384 0.476100289189735 0.509324309918097 0.525508206860642 0.533095295242832 0.543277317205304 0.549368773500577 0.542609186753344 0.530190986940974 0.535942491739046 0.563303596161428 0.585014669223815 0.575932283884638 0.545555440733243 0.514159984359872 0.492476647613801 0.488377528228935 0.500709187960695 0.511863294915904
0.532332613997011 0.551198274972046 0.567903742015769 0.562533857825432 0.532043346442204 0.496673826446406 0.477684280302555 0.471448744847689 0.461159380825697 0.448660937950876 0.452810883878038 0.473253858467415 0.491138414681791 0.491752041451394 0.480649147218111 0.478772699964672 0.49406529693812 0.50147888768321 0.478509731880638 0.437449210980396 0.411190319461656 0.420229540417741 0.455492463634746 0.477069968040953 0.471223111234198 0.472539998257884 0.504266310765173 0.536568669154291 0.54319881754104 0.535605291569517 0.533268749462804 0.538035760382908 0.543413239960864 0.549369284084097 0.568488363790371 0.601304145950048 0.621467255375318 0.604740013389638 0.560886799142481 0.514240121136118 0.483069723549572 0.481675132237871 0.50692754314327 0.535679810666155
0.530618147950201 0.543517223532458 0.557459786460207 0.556381855983084 0.536455355983902 0.511138749497819 0.495344901396138 0.486798435201983 0.475488127681345 0.461446017090465 0.457752761537496 0.46870387402787 0.486019563867514 0.494407937006318 0.490870714003226 0.490122695033853 0.498706181940376 0.49522087046382 0.466455269448856 0.431795763514896 0.419715252233257 0.438636968720179 0.475344792696605 0.49972765211885 0.502162560591824 0.510707974990001 0.541668724498265 0.566659132751565 0.561501106957107 0.53967110496972 0.524772334581071 0.527773783199304 0.543837409247563 0.561930433433613 0.581434670289992 0.603701892111312 0.612473625678934 0.597350123676447 0.568504941393357 0.536480212026748 0.508519606085037 0.499190973346377 0.511377297214718 0.53583570231903
0.524116112976749 0.53048311017908 0.540233171396351 0.543069563283681 0.536599749948943 0.523043618312308 0.506761449786268 0.492683404254895 0.481280175449905 0.467105397160491 0.454665016801533 0.454399748281725 0.471776275166337 0.493788407171237 0.504738208076152 0.505979417497502 0.503872374422108 0.487481678620934 0.454848904183885 0.430428465346002 0.437701171703323 0.471203361887423 0.510143788313513 0.535541919822254 0.545174395583897 0.556536024300528 0.576854374307291 0.587631672764954 0.572477707354111 0.541284089449841 0.517149007464264 0.520346562250528 0.546482130036731 0.57140412829902 0.581391327145951 0.580800297572036 0.569833932598234 0.557614555612243 0.553360565182705 0.548069322848099 0.533645336815219 0.519963918111779 0.513065619562796 0.521872995783479
0.491201415632843 0.493394954572154 0.504395853201992 0.517064617362325 0.52855477972717 0.529808695084492 0.514872769105702 0.494550998079139 0.477935343376419 0.457848882051812 0.43585479663377 0.430637304344665 0.45757571068276 0.501246643982741 0.531178374218172 0.538100660705738 0.531341868150233 0.509813092737105 0.477358057432063 0.458165078677336 0.470391270332682 0.501877772163497 0.533639071761849 0.560200718397638 0.58129009871906 0.59719915969149 0.605446606499883 0.600588438649886 0.577445638590569 0.542204816554397 0.512919678343706 0.513354648433464 0.542806453589378 0.572184096576636 0.575364136362626 0.554530776765753 0.525155429339593 0.5115589470808 0.518845678279694 0.526616101509556 0.523283168201233 0.515503053594215 0.504517687217082 0.504287177453213
0.446735033300195 0.449364537812189 0.46703317040229 0.490234933974907 0.514307772730523 0.527704264679724 0.518970276572741 0.496385457962073 0.472271957845819 0.444137160864895 0.414601377407103 0.408508748058534 0.447210933747144 0.511074951135323 0.558726518803594 0.577436596063409 0.579667924076965 0.566876568310426 0.539357570876165 0.515395082189862 0.510410048016903 0.516987602795587 0.529218195232014 0.555056729428054 0.589404956167047 0.612823004485725 0.613280196039921 0.59536172617047 0.566653647664949 0.534435217691173 0.508081961161041 0.505467738660622 0.532249408527027 0.565743360272635 0.572438432761679 0.547321508478571 0.511761872972489 0.493485665840874 0.493367225599673 0.494115132410251 0.491872259080866 0.491755911861721 0.489003532289341 0.491697310247468
0.426702207437855 0.429363864950243 0.450464196185371 0.474907185982271 0.496979711510141 0.513046371373471 0.512641722163067 0.495425925800788 0.471494149231515 0.443661692784892 0.413685973899572 0.405663535992263 0.444291589172117 0.512864336333841 0.570661078092169 0.6046467430844 0.624354239695033 0.626085323400095 0.601015143177236 0.560441674502624 0.525030316055624 0.501787966062961 0.497410027111061 0.522623455848869 0.563224843268171 0.587159514106884 0.579632079037674 0.553091324043818 0.525979163916501 0.507670592872921 0.497586921509705 0.501596553221075 0.527694708527341 0.562801173593604 0.575585972170895 0.557278083858685 0.526423545824378 0.503287008336864 0.487227412669679 0.473767128286841 0.46761413688244 0.469766710509554 0.474667476466941 0.48700899371785
0.437859887452398 0.43778349991541 0.456673392157345 0.474742506250003 0.484990939729041 0.493951941650657 0.497272090040048 0.488729292198053 0.473489186381847 0.45452280350781 0.43107688462904 0.421497483217264 0.449587345762561 0.50707196024214 0.564601264408393 0.609615777498885 0.644081232708561 0.656180285622036 0.627858306895258 0.566224530740364 0.504729950938702 0.466923090439683 0.46100497109093 0.485584124116624 0.519159543259301 0.531290912025838 0.513271938041603 0.482920474836879 0.465306907399633 0.470226600961765 0.48730781396586 0.50810158970834 0.537035806833778 0.568894863912452 0.582806617597424 0.571797589834457 0.54708644313402 0.517721083100088 0.485406614323209 0.460603500285856 0.451954028503436 0.451965762293299 0.457022988154772 0.477431114384543
