GIS/soilQRaster.asc
NCOLS 99 
NROWS 99 
XLLCORNER -49.0373831775701 
YLLCORNER -49.0373831775701 
CELLSIZE 0.990654205607477 
NODATA_value -3.4e+38 
[rows 40 to 59 of 99, columns 44 to 87 of 99]
0.452473959508221 0.46124344519698 0.478385702501701 0.502722026030015 0.529096235937107 0.55618026100258 0.582612133731827 0.588744196509788 0.550021664943908 0.48052586682167 0.425830497666036 0.412057733616561 0.424259715307853 0.441599153616983 0.467643107155761 0.504464542169309 0.529504746182262 0.522342404635736 0.492329440764604 0.462836758100639 0.441738017230156 0.425529412947533 0.422028366135965 0.443375790226426 0.480047209424637 0.506719933496254 0.510848709627349 0.493626092028498 0.462567156318497 0.433913248071697 0.420666795458567 0.421768992760093 0.433555168164299 0.465059174459882 0.522536571884543 0.584206587175291 0.618528463878707 0.617883582913753 0.591059755371328 0.548458191506569 0.506527788440904 0.484284529876039 0.488620622252484 0.510059758855316
0.520470423783915 0.506674899566762 0.488881444485398 0.489361189544896 0.514016965553944 0.553227084621359 0.589966392230156 0.595003511099619 0.54812044023383 0.477269241978983 0.434939948987269 0.436529568398589 0.45123410022478 0.457350570392172 0.471915950699308 0.506719224191481 0.538112472741057 0.543219893278757 0.530603551133898 0.512763740388754 0.48117145334555 0.432708539045372 0.397834968956601 0.40956167046941 0.453850569720536 0.487702070034494 0.492082462329147 0.474598323436264 0.449132098836224 0.428165484366726 0.417522624188149 0.419333823361832 0.43704770285257 0.472831610105544 0.52220290404829 0.569164284857841 0.595042345562397 0.595000356579372 0.572957352356667 0.534824494389972 0.49669650789868 0.479345863640207 0.488623913981625 0.508472477707804
0.581405470522779 0.561032980135699 0.51729592311755 0.493679672827082 0.51506971770648 0.56699205689622 0.612697337333171 0.611857058820542 0.552214873651027 0.477340450675943 0.444506504056666 0.45753758285291 0.474588951516776 0.47555127112582 0.482532578086533 0.509222688632129 0.535073309911348 0.542681795704238 0.542621471235818 0.537708431695797 0.505959977469945 0.445904213321949 0.403142427026076 0.416055640332526 0.46031208362511 0.48580918653587 0.479855052542534 0.461806132196607 0.449726179756922 0.445487301941596 0.439668909012077 0.430744820836941 0.432530480006473 0.4549518501717 0.492802148859328 0.531110470136319 0.55565496798859 0.561178814028371 0.547133296399416 0.515914638212006 0.483224047110439 0.469776857139732 0.479947292197594 0.494047454361451
0.588965054478093 0.573707639966161 0.523870980410251 0.488866193548524 0.506603815006396 0.564748229681645 0.61676491504352 0.616531145088135 0.55626256638969 0.482810088340751 0.450827050260741 0.46257416663707 0.482344576427846 0.492973955345724 0.506151564014185 0.52669410158513 0.540407906771749 0.54075874535117 0.54310689986478 0.546816152212137 0.522692756511533 0.468454260816636 0.433062082858658 0.449539855897853 0.48664791377303 0.4998911919699 0.485565186371319 0.465894999739822 0.458270538280121 0.46123476779355 0.456867777515954 0.43520563373306 0.413313937634727 0.414177233074241 0.439667430208378 0.473191224574729 0.499328484219005 0.513499301236485 0.513314242056857 0.498152357031912 0.478544413235772 0.467335679226343 0.467350451898266 0.468044368266146
0.548152020002304 0.536097189885582 0.49418554380296 0.461571532582762 0.47337958005488 0.522088684127999 0.567396429727045 0.570625913330406 0.528315017390943 0.475378156962794 0.449164860260043 0.454729972600463 0.477924994885287 0.507814422417856 0.536516656127663 0.553280491341745 0.553409713366244 0.545985844519452 0.549409275705696 0.5574457173494 0.538206891476261 0.490115867956684 0.458720495518106 0.469810613724137 0.494503977731695 0.501588063292472 0.491677994949715 0.476545310497066 0.465276110564905 0.462234654350553 0.455491614610246 0.430107420815316 0.397496602810052 0.384647625470692 0.396923612969953 0.418347331889312 0.437273360803017 0.455535866489993 0.472446415503872 0.484267760813807 0.489006167584548 0.483410456441963 0.469184957385587 0.454826635152875
0.515103864756581 0.490214141402798 0.450597599679418 0.423301149456489 0.42957002232229 0.460830197701134 0.487260234287302 0.486892156397078 0.467032492636275 0.448689963103235 0.443429005676877 0.45227825502144 0.480844857190708 0.527267240557461 0.569729679094496 0.583300696456134 0.57077856851278 0.557153828001628 0.562266653771872 0.571044714606659 0.550791616907841 0.501309222069239 0.462531366485118 0.459145059056904 0.474404069965956 0.488453136939584 0.497396797499969 0.495639079767069 0.480302577981366 0.464788354917122 0.453054153256642 0.43254788475085 0.405177977606797 0.39002359890679 0.389105494777866 0.390818643675916 0.392578464175063 0.405069735699796 0.432851573703869 0.470465571421185 0.500021329195568 0.502870815199173 0.483436680473448 0.466727952019524
0.523287840985408 0.476362841349169 0.431113046592045 0.409102748449316 0.416107938417235 0.435505411345864 0.441157856342225 0.425488943626393 0.411068138502106 0.416928374491976 0.437656403443074 0.463127565893479 0.501955123773499 0.557992748463838 0.607559109387149 0.617489939121349 0.591626394092736 0.567557913991772 0.569761447528536 0.578071590726877 0.558467979081947 0.506091820039464 0.452738984439022 0.430426704849708 0.441615673844459 0.471637285372558 0.503971552761891 0.516561500746519 0.498675756602603 0.472375313178679 0.456532237875825 0.443352456231189 0.426255294899816 0.41307261822492 0.402435820368104 0.389118731323513 0.377114557855402 0.380791713133999 0.408749692872927 0.455639976090342 0.495741634471033 0.506928990180474 0.496654397360788 0.490594071415325
0.548828260396828 0.492311944511145 0.448748238696825 0.436110880191703 0.447815769364117 0.46171429076198 0.454487645630451 0.423718202303469 0.398126167711155 0.404211650997714 0.439990895345915 0.48786715242886 0.542840995998737 0.60348875177962 0.650401094668297 0.650722485966354 0.608555584508074 0.569263869669365 0.561392907973036 0.565535265909336 0.550579715484607 0.503643637617962 0.442068758259335 0.402323466882493 0.406258318141518 0.445020970068345 0.490558270192385 0.508895478477107 0.488940642859958 0.461380317682782 0.450982684292718 0.448451655768612 0.441111641966996 0.430914323876224 0.417794172848665 0.402043567421031 0.38914459069706 0.390145862461422 0.410495515085588 0.444511374511417 0.474698234381184 0.49065149982881 0.496027759571871 0.499056699087687
0.555991388977643 0.508634648277768 0.477431976030303 0.47471892181122 0.486246286703487 0.49471807195681 0.488075874850232 0.46151417190646 0.431031765796933 0.425448472259217 0.460602431809995 0.523154335011664 0.590868986825085 0.64845608602888 0.681121128107878 0.665395676772261 0.609986299324617 0.559612576705875 0.539144506534235 0.534268435685346 0.526379813738509 0.498613635330601 0.446936999539491 0.397231097119868 0.382522893303783 0.407198575021038 0.445116584286398 0.45927495220811 0.441766818632226 0.426686543378694 0.433748043611618 0.446481901341568 0.451546220281984 0.452093072361424 0.448272412160149 0.43966254994407 0.432293680735145 0.434091865228088 0.442458174883824 0.449519136603275 0.454512232871216 0.463780853334418 0.473500635349822 0.473159377065577
0.542702113912905 0.511454159053117 0.492901312173276 0.493472212323941 0.496527981987416 0.496899074983679 0.498939678527464 0.494474149057825 0.47757683044461 0.467322002736276 0.493305608933942 0.553182979739355 0.617541953031529 0.661264204017678 0.674138089277946 0.645286549307893 0.588918042150458 0.540678008255449 0.514476227998367 0.50267169669821 0.504976538849805 0.505817600922364 0.478450805148425 0.42773394002953 0.388535757542845 0.380353843560829 0.391085477231232 0.394289049262988 0.386815422744485 0.393232933831459 0.41843451512308 0.443000775201055 0.462982954462544 0.48526927980994 0.501414080371297 0.502623476640678 0.498046980396996 0.49733939134183 0.492182865406565 0.47380696809621 0.452900179315521 0.442643441333067 0.436660224789204 0.423418917663474
0.522299699292978 0.505821355770729 0.498896521634672 0.501106824007781 0.493953148753733 0.483091956722062 0.488136496774444 0.503396137315213 0.507333109196434 0.501899734254486 0.516067029570881 0.557711001802628 0.603030632214639 0.62619933092682 0.620397117329817 0.585148531717129 0.539952276201084 0.510209902608043 0.494548218373839 0.485954828713621 0.498631051452468 0.52252274910361 0.517340222415871 0.47240377259706 0.420226001364014 0.385627524484298 0.367401227818359 0.357788309324767 0.361146685885973 0.383463506954991 0.412413080058327 0.437020425244002 0.469600185547382 0.51495557238826 0.548710362298307 0.55499907415267 0.550039359524206 0.546214277227658 0.532740909493958 0.503110357976134 0.470849820655355 0.443782564613301 0.418065315874877 0.395699945971069
0.505270480907286 0.49851751286945 0.503034606534958 0.512606173875093 0.503500284102736 0.483844220168859 0.483037074996824 0.503951227435939 0.519623649071044 0.515537153331283 0.512989382690013 0.530463153237356 0.556104842205729 0.564336025920356 0.545957194651208 0.509094855058719 0.48115854742252 0.47968777187471 0.486303826843108 0.487988448679592 0.504920767771931 0.533393326029945 0.53393119634839 0.496143748587078 0.452207512938622 0.419954042690975 0.393805907042685 0.376364806220697 0.38004375388128 0.399492146143265 0.41514010163658 0.42951284264956 0.466513567693797 0.522665601757628 0.560417157081787 0.562819767025454 0.553850867777149 0.548543755428279 0.537332331140853 0.516270595464514 0.495811497852805 0.473953925945282 0.448241940466053 0.431799316555828
0.498862489774271 0.492750298101357 0.501625118411088 0.519035656695534 0.518067999007023 0.500549529536253 0.494978814170366 0.512042518930139 0.525735802386761 0.511860522650428 0.487902819718611 0.484252569816509 0.500070894771651 0.507227506694699 0.489973041429626 0.462332176097871 0.456163452607128 0.479548143237266 0.503523622487183 0.513059842669764 0.525727387500134 0.538938057241642 0.526293733921146 0.491469006708837 0.4671120602889 0.458575598604938 0.448344888199704 0.435306242997509 0.431499539587215 0.431314882403028 0.422939036562333 0.419296967755712 0.446262628759111 0.496652457123618 0.53142971584046 0.530686643966453 0.516803854934722 0.509318096596384 0.507724722427281 0.510283708530704 0.519615209568959 0.523893533263932 0.519048206474074 0.520686302481234
0.502861094860366 0.490951912711124 0.494536158962203 0.510444659851612 0.518721541566182 0.513259372334972 0.509226869515555 0.518033456562271 0.521199700380278 0.496482911013618 0.46078429084203 0.447596709256029 0.460700177579217 0.474422903339562 0.472614070625868 0.468854052790601 0.486123932101666 0.519277382439996 0.541204712407722 0.545734285151949 0.545520974981651 0.535196239320249 0.506143748209513 0.47750259709079 0.475054407033734 0.491041010563671 0.503410428511636 0.504934394744683 0.495788808238342 0.471096014410066 0.435529595309973 0.409016464164667 0.412523159854976 0.445166346113146 0.480645893195632 0.491370529191856 0.482072624575423 0.473233645627786 0.47911412368815 0.502927537995832 0.538732489872773 0.567396363261848 0.583200760848464 0.600026609869533
0.507979968507882 0.494551515745874 0.490649041344612 0.493729106559757 0.50141723117546 0.507586033619027 0.509440199855044 0.510240854815588 0.502849798272426 0.476683302279012 0.44695091522526 0.437208454473112 0.448454607216637 0.465495622326445 0.483121909518448 0.509012848404395 0.545132727487608 0.572581432507633 0.57368767123262 0.557288526526803 0.539107165347357 0.51569801116461 0.49003521796297 0.483605984004744 0.504641661403027 0.534585033212896 0.559158751350313 0.573443575130552 0.56286886488691 0.519061928284527 0.461557335548144 0.415542420161319 0.394085450151158 0.404614224227814 0.44058701786025 0.471046247589101 0.476923044010457 0.47061072560601 0.47615357284485 0.503741405359845 0.544927481944196 0.579257207314983 0.599578705908277 0.617058776214236
0.515109908702554 0.510971424248995 0.502599746663166 0.486814925745136 0.483067399515673 0.494675719888762 0.505805314420603 0.506056889890049 0.494477921117993 0.471630396556365 0.45111750500376 0.446737843737767 0.455601880972608 0.471264850087843 0.500735778974263 0.546615575448975 0.592031752194453 0.608078907605756 0.583880569417265 0.540867225815714 0.508190284410467 0.490898847789773 0.49049526316779 0.516005227758276 0.55810400121668 0.593160277638384 0.616707839128692 0.630673071413559 0.616320105304716 0.56562994950901 0.504211845717153 0.454804599206832 0.420130302190356 0.409505090802829 0.432520101121512 0.467384447792639 0.484038153795501 0.481581590411195 0.480980528511058 0.497828801578736 0.528809843248409 0.555671250918481 0.567137298331433 0.572785098913358
0.531764840770864 0.53976502136158 0.527677362745488 0.496739834875752 0.482531939655939 0.497898491222476 0.521273151983943 0.530365241548268 0.521813625857446 0.499236074442928 0.476175479851823 0.46860151172505 0.476515177756816 0.492313908109371 0.520973351217357 0.563077189174351 0.601408671003021 0.609119139129411 0.5744453774603 0.517422600087046 0.477349062550813 0.471203640934782 0.495823917019977 0.5447679788907 0.59891902935208 0.633389099238506 0.646390145571138 0.6462486386615 0.626333335906536 0.587121869055696 0.547555166909345 0.515050034982738 0.481554207975509 0.453341378239099 0.447253318719502 0.461078163622473 0.47437747170053 0.474530905346268 0.468036024708562 0.4726011737067 0.493526231212626 0.51451860878151 0.518401783096815 0.513280565270674
0.549718960978714 0.557798681686767 0.539117713839878 0.504849824765733 0.493590865179053 0.516896196900245 0.549998869626402 0.56731196721452 0.563432820852692 0.540305488821534 0.510509304925912 0.498331413211154 0.511931685696044 0.535304110325243 0.554875976366926 0.568229366794194 0.578063278888243 0.57812236772671 0.552937298962918 0.503233885822779 0.462278358159708 0.458192437093377 0.491070737261826 0.54525198402867 0.598315010881203 0.626131350649765 0.624767624690399 0.607837387635757 0.588046976510943 0.574955670355394 0.571763162716883 0.56521606539483 0.539740662847664 0.499067421354038 0.462662120885936 0.448861090610385 0.454477523203346 0.457295407859646 0.447345459161146 0.443021409120461 0.45866639188369 0.481428547121758 0.489841621537929 0.485547118808745
0.552436905703722 0.544953982747343 0.517273660277674 0.488221689438119 0.488123982475775 0.518073546119753 0.550367646249626 0.564643106541051 0.560808550848654 0.542026566862061 0.519055296514731 0.518237413206752 0.550264156527767 0.589376364072608 0.601561289080115 0.57981397596131 0.549968192514358 0.534890814270862 0.522586988112517 0.492350316466685 0.459438297449142 0.455316459856586 0.486058863164075 0.531643850457694 0.569861730653499 0.582661726121411 0.568099145729084 0.542697296035391 0.530183918103442 0.542570116647587 0.569011110069542 0.58187167791477 0.563265455671751 0.518236534369641 0.469256459611439 0.445588378244247 0.451587364952918 0.456075282400901 0.440424318306978 0.426293833250657 0.437011338816639 0.464406919725659 0.485071720716785 0.491264294000871
0.547719647600842 0.518980377103448 0.480885259820258 0.455824913630802 0.463214656412906 0.49255916562295 0.51396364670176 0.514050603242039 0.501950821780732 0.489685960326188 0.489607188132166 0.518053788331365 0.574198726057965 0.625641530134784 0.633550533265725 0.591297033587765 0.53353591730664 0.498655064893854 0.485694219594369 0.470422454232198 0.45474776057562 0.462430863650358 0.495673977728737 0.529873073517292 0.546109217132676 0.538403623992704 0.512893546415188 0.485308045028814 0.478059911785467 0.50278634568573 0.544689610230711 0.569949416369933 0.559846418768757 0.52161640054444 0.478784480599113 0.460202017726281 0.469244126520051 0.470672510579358 0.44600028276623 0.421183238468362 0.426185968804529 0.454844660725578 0.482928043519718 0.498685702847884
