GIS/soilQRaster.asc
NCOLS 99 
NROWS 99 
XLLCORNER -49.0373831775701 
YLLCORNER -49.0373831775701 
CELLSIZE 0.990654205607477 
NODATA_value -3.4e+38 
[rows 20 to 39 of 99, columns 44 to 87 of 99]
0.456001083311374 0.453218183967232 0.455038000282976 0.473201193977895 0.515710684070559 0.562675758167 0.583805364387629 0.577372087690266 0.55500804294707 0.522539403266083 0.491928754894901 0.480977300896757 0.493517613178774 0.513558010582396 0.517031937229891 0.489540698608054 0.451474885239569 0.43172089803449 0.432769168564445 0.435126634687866 0.428959122248187 0.423313123125787 0.432730796209558 0.45571807164783 0.480981595541766 0.492586003701777 0.479348985616902 0.448166608359393 0.428637939720022 0.430415916161174 0.43230464695075 0.42631697245678 0.428996339103421 0.449574617789541 0.479720014601351 0.50116226112003 0.498768767202479 0.481834800632323 0.482660377605318 0.513068887273704 0.54662557242102 0.549094944028214 0.515400803167278 0.476045012235556
0.444265564132876 0.435251206192237 0.428355104446599 0.444379729996227 0.493210120045599 0.548165098846413 0.574071317011372 0.575640281829729 0.573445452368347 0.565114883948281 0.541655876865748 0.511664953398739 0.494098101260917 0.493986038970429 0.49195204161146 0.468805950333051 0.438948513793208 0.424716536618217 0.422990971948568 0.415862357538587 0.400743738255164 0.392900302546074 0.408916428139439 0.442776052002877 0.474354822485363 0.488868606974646 0.481424901985369 0.459504633187667 0.445774679457812 0.452043533793387 0.468595298436031 0.488894194909901 0.510886615444877 0.528450455974452 0.537040580380152 0.528855137404033 0.495791760456152 0.455503854071809 0.445061993383416 0.469493806118925 0.492525614133575 0.482085975512405 0.447679937777408 0.424538283950418
0.423222149540296 0.411639281427187 0.400818354903875 0.415505896908605 0.466838994836382 0.524141127495129 0.552265973294873 0.562430741923461 0.579666607930027 0.593453289490172 0.579599614261265 0.540601896807997 0.50371589084707 0.485765875992511 0.476143120482483 0.459639680143446 0.440345952939976 0.425389463875428 0.411862998961417 0.397990665464677 0.389187284578906 0.390813389667611 0.41210443313649 0.450363842546684 0.484882390210994 0.500512610224721 0.497600985041944 0.483477545329645 0.470612761929951 0.473859459001878 0.499882799242416 0.544611672619108 0.585243891524148 0.598777511199019 0.58498557943222 0.551719050546236 0.499869996681355 0.447621952414607 0.429067096253579 0.443801029732141 0.450162545968411 0.421957480852862 0.386004369979957 0.381662315686536
0.408391388534386 0.403692115057068 0.396832808837828 0.40894765182175 0.452367992889605 0.501422712482107 0.528028143478263 0.544476095925207 0.572097189164031 0.598903338088992 0.59868278456103 0.568053632645906 0.528724319805497 0.499699728629401 0.482904982893828 0.469702818788812 0.450916489660583 0.423206329673091 0.396235595169226 0.388285552187249 0.402956611764298 0.423848325599926 0.448802243968624 0.48272642444697 0.510078042342706 0.516320802199217 0.509793480835604 0.500772632278561 0.489780683011604 0.486962222577958 0.510371426206667 0.56322277490518 0.614397374724167 0.629129548847646 0.605432438990807 0.563138978044681 0.513013243555103 0.468155249824126 0.450906566427581 0.455282494688614 0.441233803233389 0.392982396041947 0.351736492766518 0.360143195377918
0.413816744103091 0.423974726504672 0.424567458126452 0.429101856635925 0.451015537671141 0.47896377112822 0.4989716968965 0.519224108361708 0.549715127577254 0.581256739712513 0.594137991031511 0.578760081160423 0.545558339840191 0.514255214943088 0.497396152897576 0.486967276241176 0.461929592993866 0.420104760644649 0.389700692142031 0.400157093289473 0.4416752125626 0.477281130299579 0.499753637205224 0.522652660250369 0.535799715543856 0.527088116926443 0.514162680860662 0.511764631046733 0.51064706157556 0.509014524043047 0.523259278541056 0.563331948572406 0.606630872711228 0.619552802691524 0.596245003262449 0.560923977309337 0.530242324121637 0.507503990867649 0.498110142460122 0.491654463246991 0.456115077581244 0.387948493366712 0.33798951323734 0.353204480408345
0.425808585283811 0.449237910610946 0.455104452557372 0.450279660947235 0.449244588739691 0.455585426556142 0.468421433876549 0.490537310185295 0.520400132139803 0.550740409303633 0.567701674255355 0.558553880877842 0.52990509280009 0.505849460639472 0.501890223552675 0.503293138664722 0.482009004638068 0.440382630096897 0.416825829988323 0.441523113569752 0.492622020260048 0.526083310844739 0.539003836516146 0.549854382896463 0.549540817627163 0.529506360690066 0.514419146320657 0.520949045432474 0.535757613747941 0.547944033947005 0.561980101396552 0.582834124859128 0.599880098326599 0.595622097604088 0.570752969432445 0.549435320347235 0.545064839941982 0.546984799325243 0.543995816494566 0.525540720173499 0.473921018366257 0.396066103512088 0.343220447997459 0.362761132767549
0.424006402657821 0.448206428781042 0.45259643365631 0.444836187942474 0.44012751965322 0.444960951290979 0.459054327747415 0.480854049089181 0.50592171961507 0.529765980294634 0.539555974758952 0.521672066466617 0.489880520649162 0.478713780071229 0.500098704051085 0.525720906340914 0.522353148990351 0.493360418138525 0.475104560143048 0.493674465202387 0.528471003948573 0.546008189088602 0.550228654613426 0.554071308552454 0.544105260493955 0.517837165999071 0.505437547697001 0.521702804206744 0.551944244297321 0.583428265502508 0.610124276704258 0.62320721539766 0.613666654228846 0.582691159389359 0.547857054825438 0.534453516610228 0.548104368093365 0.566264231522591 0.566292389065946 0.540500062651291 0.486959146267924 0.41729388625302 0.370995502797381 0.388449121143723
0.419567225598198 0.434724954512072 0.433678720313471 0.430635220601899 0.439128921871082 0.457431051892698 0.476911186564686 0.494871995777181 0.512626150399406 0.529486125624395 0.527516552513622 0.491664408210927 0.449754173137741 0.45060400580479 0.498564423089223 0.546824539255787 0.557063934217864 0.53564991274509 0.514387003471776 0.513776276791945 0.523586958732941 0.529670284222735 0.536335876786188 0.539979098446678 0.522234614138082 0.491929231837858 0.484668174724194 0.509893417610692 0.549816729585436 0.593939301158643 0.634203448089824 0.651444665755547 0.630178415645199 0.580509697708207 0.533786023777118 0.517554052829453 0.532772616648608 0.554421119359665 0.558165381658338 0.538358837328673 0.500567707771251 0.452435762522427 0.414700792817263 0.418148103552815
0.429013226483608 0.437489445787789 0.435698064868016 0.440560156175127 0.459666675437218 0.483846880017219 0.500457510877439 0.509648314375036 0.519318490545888 0.529742720417618 0.516311908809312 0.465893292649202 0.419696233105076 0.431920776157421 0.493523401505477 0.54430829361732 0.549644106562255 0.526789693506595 0.504565014556868 0.494288523714493 0.493145360003697 0.502429435823778 0.519834814467309 0.524484484865184 0.499019140566442 0.466920469907203 0.467089736311872 0.501023256103596 0.545614504916357 0.592010106501156 0.634789922797674 0.652751505100991 0.627856641493565 0.572184438508725 0.520258559393355 0.498510532650198 0.506124096328257 0.523451879919288 0.533355089834449 0.529255573271833 0.513668884077246 0.487045575647956 0.455231035834315 0.441040175272453
0.45448015699855 0.466575367576119 0.469577506838289 0.477459857016484 0.49378839403324 0.5104268804662 0.517855222859573 0.517497719264852 0.516778248169745 0.515254039662399 0.490936947400954 0.43932427305522 0.404023705518144 0.42630159206944 0.482043268999991 0.515064402428727 0.508990589801399 0.492590993698154 0.484375738845248 0.479287256101337 0.476028161639408 0.488534270030759 0.512529727058444 0.519311301960984 0.493713985124034 0.464844108216289 0.469971473631669 0.507710030063333 0.553726054358325 0.596996471357554 0.630615633683652 0.636549384708298 0.605136150471389 0.55166988169081 0.5050002735442 0.484445141671135 0.486642713928266 0.497892262039508 0.510388251065532 0.516272971391448 0.513249309364568 0.499660103237534 0.474768364077622 0.453312428862836
0.502285456842841 0.524273158470741 0.52787718301371 0.524475612101741 0.522380978835448 0.523286366643107 0.524010004395192 0.521556121719042 0.514009659919008 0.500628012413004 0.470601758711387 0.428047206553294 0.406795848827372 0.428065274834184 0.462055043695136 0.472966692222593 0.467579778870761 0.475618537913197 0.493407404445515 0.494617832221317 0.479530430269666 0.480658664735291 0.503776809577497 0.518884259648962 0.504297739351513 0.480421033622458 0.481562912366732 0.51475275972632 0.56136145684537 0.603171201534684 0.62410546873809 0.611567718549628 0.572535102143361 0.527524625510469 0.493475115531285 0.479423576389914 0.48095801671706 0.487922502715377 0.497061664760465 0.501620050721617 0.499912083344883 0.493916134081927 0.480244618851607 0.463982830165927
0.568932917388091 0.595891285570117 0.591269506129514 0.565093819332039 0.53419244275586 0.513266378114036 0.507855543061969 0.510898693166998 0.509140074983278 0.498527815242911 0.473434667532277 0.439290783999078 0.420019698944768 0.426653829759908 0.435781314459058 0.433505198527038 0.439196824379724 0.473466357328565 0.512940626073775 0.515584376589128 0.482885301064567 0.465294170326154 0.48339161798479 0.508459755625275 0.508340079207137 0.489143084058224 0.482885474121142 0.510179776196079 0.56038782029633 0.605064410550127 0.615470868393298 0.585936112129599 0.541491682209733 0.506528348463856 0.483843595227005 0.47523215793875 0.47959821696881 0.486807833844705 0.491287832600615 0.490922693647185 0.490193480900001 0.49516579530726 0.498375329443242 0.493646899433073
0.619108293557417 0.640660937694439 0.624935779943252 0.5800062651619 0.526541618078308 0.486525059550716 0.473899781204075 0.484114126698802 0.498883761403257 0.506162294031357 0.493385621949718 0.461926084840724 0.434893737395925 0.42473781760638 0.417592074129623 0.410844096272601 0.422791486416243 0.465080822232349 0.512839791565323 0.521833894031186 0.486569413077233 0.456987944641688 0.463486703131766 0.487845702873785 0.497902499261643 0.488426397753149 0.485373530003837 0.515247546334117 0.570250856355784 0.613250615165715 0.609579832481892 0.563922734486605 0.514261981814629 0.485270258840507 0.469409611461758 0.465802809735196 0.476002662628571 0.485593985387146 0.484409547386209 0.479367599885348 0.48500416095147 0.508101967239866 0.532708711861667 0.540788766202594
0.615720011373028 0.630585268782919 0.610279825228849 0.561564270440299 0.506430054872933 0.466114369035116 0.454954779196785 0.47128595693092 0.499545749674376 0.523199294705757 0.522218653982954 0.49223250461425 0.456681119867666 0.431790660546001 0.412894899311702 0.401257384083207 0.409079371510364 0.444751682996169 0.495758065366505 0.523765789511281 0.506754277477332 0.47410629125987 0.460351157546941 0.46967700951434 0.482951202217277 0.486587198909931 0.494353735682588 0.529449325504695 0.584163226007768 0.618533876218128 0.600220230176434 0.543269884994542 0.489749246961302 0.463451312238683 0.454475155688889 0.4587743699277 0.473419866400587 0.479821966066208 0.467930073732872 0.456538297709069 0.471459229084375 0.515744491281622 0.560241304633693 0.578116037366067
0.568549758498722 0.587191855918898 0.572855872204007 0.531312083111525 0.489295418625889 0.466645109044963 0.468110066895829 0.486301619720381 0.51281036434427 0.538767452539382 0.545162311801375 0.519094379933986 0.476756230915389 0.436905371796642 0.404614148235585 0.383243766884911 0.381913400374046 0.411877641864711 0.472322320385953 0.527492104117989 0.537307360668317 0.506790066374518 0.47188782211978 0.459879985353281 0.467368057385514 0.474935837689773 0.483752756360023 0.513357529621868 0.561453181763643 0.593539280389906 0.580146769067852 0.531484405833731 0.481427029244705 0.456173977866422 0.453755893833989 0.465224331446554 0.478751204337874 0.477343658634496 0.454684607409687 0.436528338547288 0.457408987518198 0.516428332316171 0.571248004689648 0.590629742704467
0.513610325530019 0.546111317938048 0.545263470344725 0.515170688517998 0.488976505556902 0.48716293852726 0.500282638888334 0.508721100274977 0.513257135942184 0.524039493408567 0.530253338221217 0.509146554777781 0.465382983655347 0.419882637060388 0.384312262850814 0.359452862441328 0.352289813111172 0.380166264686014 0.448252683630692 0.519587863746018 0.546551724072079 0.522593167747582 0.481927541668485 0.459229149498974 0.457505678359877 0.455026110986685 0.447867517011552 0.4586313400913 0.496520182028951 0.537790722589168 0.552988797767702 0.533903358005591 0.495913827180419 0.470467482086132 0.471295982165122 0.486966415536867 0.498235650817108 0.492159890482748 0.464031604864536 0.439198955674712 0.457824770239738 0.518963803734113 0.572132694163025 0.583528738837948
0.473674705539606 0.522484269335234 0.538708324506342 0.52399469126734 0.512095723178382 0.520864640100806 0.531336612731961 0.51786506317827 0.489533029929132 0.474155009358594 0.47090870611321 0.453257347788916 0.418057030808231 0.385988448084313 0.367942787804608 0.355833030015151 0.350576183183906 0.372636024104588 0.429854378060247 0.489658967869597 0.51493327985957 0.50352598862796 0.481548625513211 0.469804131846342 0.465737039011806 0.449920323931319 0.422916382655943 0.413609245639293 0.439042415311591 0.484886142734074 0.524494745944119 0.533149325180958 0.508815939692981 0.486536164139745 0.493713005524314 0.51771506042207 0.533072554917876 0.527451824122914 0.496876962696341 0.464699337706645 0.473223231881713 0.524102404446781 0.566783213099389 0.566793368110497
0.446556605636016 0.507061930373347 0.542537109381286 0.549181711010579 0.55159348334153 0.560851595057506 0.559247519734073 0.526288032486038 0.472786335651699 0.431228259404266 0.410843913443955 0.393651445130962 0.37480240576596 0.368078206198425 0.377134159051706 0.385351942111243 0.385535450551361 0.394081397374207 0.41986245205373 0.445296332579976 0.45756123286464 0.464917284639117 0.477437372770971 0.490013999692363 0.490824259728331 0.468513715202829 0.432938743852369 0.414289732780569 0.4274043767365 0.462379523478137 0.499929845189125 0.513283925182196 0.495818105708672 0.483898054139204 0.50815583482613 0.549772408135804 0.574974784836161 0.569912679868828 0.535814857110449 0.495995783937727 0.489263513127707 0.520650982350361 0.550231345480849 0.547689320623982
0.424543856790403 0.483404871886152 0.532669981153897 0.560379649527944 0.575936790089247 0.585413634572597 0.581287649769426 0.550341791871093 0.493178985180758 0.433604575498458 0.392944469563822 0.373027111794397 0.37020916671286 0.384751054703629 0.4120583667165 0.434612498664845 0.439280611630426 0.431742898998747 0.421291122216604 0.411630460366195 0.412499813081161 0.434653385154118 0.472139759867932 0.503100466402263 0.512096576574287 0.495757478968189 0.467909721573171 0.450328790066942 0.449955792288947 0.461904062148597 0.478132409378603 0.480455846270155 0.465686504532678 0.467795345647021 0.512751017924793 0.573848758529527 0.609404229180424 0.605455538996021 0.570128737193351 0.524775430089843 0.499626168831102 0.505493671252375 0.522792082831367 0.530389205243561
0.419041348594485 0.457675860707203 0.501618809820753 0.537112429848497 0.561148010675972 0.577492002142185 0.587393263226613 0.57753095744949 0.531917765411671 0.464060883346414 0.408961765670522 0.387862527642296 0.395285032136436 0.417724851392126 0.449405119151564 0.480616318517776 0.493299627839693 0.47849621556031 0.445945578029895 0.416713636591483 0.407965402726123 0.422974699409425 0.453654538833552 0.48646825885222 0.509013066872432 0.513382141810006 0.503290064418661 0.486913156357777 0.46799052126478 0.453437114314132 0.448821400560495 0.445539056348065 0.440432313657283 0.457501618563085 0.514837925553516 0.584563762151703 0.62446349531377 0.622777373079858 0.590661166308969 0.544449221727431 0.505381721769416 0.489741304847437 0.497003274160863 0.515674499574065
