GIS/soilQRaster.asc
NCOLS 99 
NROWS 99 
XLLCORNER -49.0373831775701 
YLLCORNER -49.0373831775701 
CELLSIZE 0.990654205607477 
NODATA_value -3.4e+38 
[rows 20 to 39 of 99, columns 0 to 43 of 99]
0.500198014782328 0.543051617644651 0.566587917997651 0.56449786896478 0.535483697701524 0.491257697841938 0.455477932210887 0.438562618177926 0.438306405116745 0.449397605676564 0.463808137155096 0.465175198851419 0.443785775927788 0.414141311852915 0.409049753106538 0.435492441904468 0.467465523840681 0.487073991975575 0.504476319718397 0.524637409599071 0.534150975487987 0.524202325339833 0.499104221890425 0.469931127525567 0.454917534144358 0.46524846250027 0.492588799905649 0.516867847501815 0.527317529201802 0.51952741990737 0.495441949771889 0.47525491622375 0.469507148329848 0.46621728280623 0.464498729507153 0.479888626783181 0.505613013969832 0.515993148744523 0.499779814000325 0.465214524399672 0.434032671245176 0.429206579273966 0.44418886405761 0.455969203831871
0.489859226276377 0.536184480241439 0.570843561483591 0.580693126693597 0.564231050158686 0.525415209851438 0.474291944704045 0.428047946325606 0.410602944491805 0.423949246830738 0.441725652040987 0.439862688436084 0.423291500494829 0.411894593223552 0.424138160405009 0.451342274308349 0.466271098494321 0.461876597964796 0.464246260220389 0.487727281417717 0.513560818375311 0.518624385800506 0.50337845012406 0.4843637272146 0.479844577169575 0.494528457755557 0.51885813277633 0.535933743760318 0.537657764704368 0.52052550075933 0.488952199853827 0.460964389491112 0.446749388749556 0.438206147473378 0.435246823993119 0.450389111427145 0.482060771097531 0.507450279012877 0.504255219453327 0.472202046671977 0.436246850685357 0.423504705362847 0.432964525899161 0.444489948357997
0.479587971626971 0.516907779182116 0.557649736637722 0.583913746477768 0.589110561093688 0.564215205781857 0.504546926549526 0.434464079698098 0.398922776752238 0.407662989766974 0.429788338503059 0.439082891264779 0.441895979354445 0.450639854791145 0.467356936129194 0.474857668122708 0.459611496189352 0.434397850098754 0.430475750720576 0.456376393117042 0.491282779120619 0.509823445536074 0.508802179458813 0.499400609648744 0.494235552024657 0.499454415234035 0.517278397997917 0.536274824514126 0.541432541057964 0.522402303001685 0.48748968865685 0.458588855665587 0.449198602109765 0.450264747269625 0.452858672923456 0.461709085100408 0.484027702943214 0.509582524937487 0.515936915550022 0.495091671684119 0.464510079069971 0.443412673716216 0.433987845099208 0.429450332687645
0.47561586253237 0.504526505325764 0.546534574126207 0.582477271420389 0.601469759306004 0.588900518079846 0.534804861786585 0.464558865078959 0.423287464147877 0.421699149767019 0.440407571575204 0.461415708918248 0.483705402867775 0.505694148636567 0.517037846601513 0.498022758558651 0.452803855860551 0.414659070756506 0.414009978303123 0.44637953800309 0.486499153742949 0.509729246674942 0.513364278646504 0.504810424448464 0.491580486523605 0.485061098870239 0.500375819270552 0.527035918914009 0.539175275342401 0.521310974017283 0.485635158866823 0.457902836612089 0.457338445093745 0.475214990575651 0.489959994109278 0.492784689899689 0.494903567791429 0.504392106844215 0.511754835517221 0.503022349895022 0.479970389966217 0.453318606168342 0.429939985171149 0.414354987184459
0.489940930192341 0.508482756662259 0.541580529316941 0.571474153347723 0.586423262964011 0.578997516116 0.546374808215609 0.505026090437995 0.477183824366614 0.466026917297894 0.469938238748626 0.486803050476479 0.514149716743774 0.543313377555798 0.555073529786415 0.523366208903539 0.460581912093364 0.415856675862143 0.421229901890117 0.460997902803717 0.499871235457492 0.512479152552871 0.505348929603527 0.492717377556865 0.478525901366522 0.471252910724344 0.487234114766781 0.51518549728627 0.526552077896602 0.507303818171027 0.469368163379908 0.439185805634739 0.443192809889227 0.475662538988324 0.503545268568863 0.505402268336777 0.492561317874887 0.487004718507758 0.491329560581695 0.487384336698235 0.465429990055188 0.436621889689503 0.414649574630032 0.406471998231709
0.504252888688309 0.502860876732162 0.51858042076452 0.53744126417591 0.545996862400252 0.544705840003207 0.541372989041468 0.540628798934508 0.536635660127473 0.522741601347373 0.508877436237843 0.506892366117317 0.523459039130317 0.554925363184493 0.576224122252009 0.549313555493028 0.482077856319943 0.4330280896005 0.440946295343201 0.483311355368548 0.512990733577055 0.506760641317002 0.4863221356954 0.476169956931539 0.474452644492455 0.477505769895883 0.493302381123901 0.511941556023397 0.510103999681785 0.47935816904304 0.432949583724774 0.400398624557562 0.41081295907286 0.454618463944516 0.490567726743965 0.496024026714864 0.483946304752598 0.476720972883531 0.477518119536666 0.470195113289119 0.444954718394857 0.415424490687993 0.399062009575952 0.403234050691877
0.499779050069101 0.477626559237245 0.476397629169654 0.49035324272301 0.505765433846658 0.521263847274526 0.544747250801408 0.57149970440314 0.581609631242925 0.565900954991392 0.538820898775696 0.518605736270411 0.520681103961235 0.548839107123406 0.577152137501309 0.559599997301835 0.494176994995054 0.441432573287722 0.448559893568892 0.49107804009806 0.513878942848594 0.497999712552444 0.475537542371249 0.475042391186511 0.489157407968029 0.504752634884574 0.522372240169035 0.531878970578164 0.511390187777064 0.459010521193114 0.399600902337299 0.369355977388253 0.388060018827503 0.434829302540391 0.470303913884334 0.482359572188707 0.483628514985837 0.484351159592479 0.481139727583994 0.467304093366598 0.440108609694743 0.409974888120971 0.392358109569144 0.398309501573864
0.497241126631131 0.470638623522516 0.458966160553374 0.469672580958916 0.49668255027881 0.530918387001828 0.567771120274794 0.595582513831174 0.596829390086804 0.570741286175055 0.536293722756642 0.510946200000459 0.506930631928394 0.528512273829359 0.555631446088114 0.544388853123097 0.483818001922805 0.429573988070989 0.435672778758904 0.482245813932814 0.511963135898187 0.504129604305773 0.4893871937256 0.496136640596238 0.518175182341334 0.541617855623331 0.564119265183745 0.570248120191219 0.533025940720213 0.459815370626012 0.394284900953521 0.371430300480756 0.388669960657967 0.420324109133915 0.446190055324312 0.466038856160994 0.483263685791415 0.493157060732961 0.488055630469216 0.471650367714143 0.446963636301881 0.41868859490829 0.398184597124084 0.400059835920077
0.51736534964254 0.500661360554304 0.483176286944544 0.486741245120262 0.517726957774781 0.558532359684603 0.588434610647182 0.594309650556734 0.572121747435702 0.535063504008882 0.504801290503339 0.490713625467287 0.49162037842545 0.507237274257 0.527663282948549 0.519197728581211 0.467035198394162 0.416480453053379 0.42168271824255 0.472549036217411 0.51632929130303 0.524797350092822 0.51982875684948 0.530155416633257 0.553552043797421 0.576138631259745 0.595855333710747 0.595519844609385 0.547201752143468 0.468525718271055 0.414499867552784 0.404093506111298 0.408881122446977 0.411702915755952 0.422456902232005 0.447740943520521 0.475083755114013 0.487955723943873 0.480003181106741 0.463717440577117 0.445038076347557 0.424531366803067 0.409719117167391 0.413628131695825
0.550422022651148 0.541289184134078 0.520055422541697 0.517732648457122 0.54632434568272 0.578740091305872 0.583224240702325 0.555010231952189 0.511141202685083 0.475624267744832 0.462568623985798 0.469434221146018 0.485261611475745 0.503723899735296 0.518213015266419 0.50808739877311 0.466404853804733 0.427543135971512 0.433146537048425 0.479871156151083 0.526718154963851 0.543452233340914 0.545530009712782 0.562074098714738 0.588696883226735 0.602303596524397 0.60192319724504 0.583349138769897 0.530076400728241 0.463666976412509 0.434223140670856 0.43931157774275 0.432797641935927 0.410186333376473 0.407371376964912 0.435298556410682 0.466961386161629 0.4750956168357 0.457617657405255 0.43706566869415 0.422790729215847 0.413678758391968 0.414648519191465 0.432322522468363
0.578977703455957 0.571320504711094 0.550997999592726 0.548974156893456 0.572272992248015 0.586970855875923 0.559147840080428 0.496803162769837 0.438276642294211 0.412060107835072 0.416298636867469 0.440672901061086 0.477368078747699 0.511840221011727 0.526622326888488 0.513300419348051 0.484190037980311 0.465204801057442 0.475595860315983 0.511587620187547 0.547749440262951 0.561914334507088 0.566919944000169 0.588638985503334 0.615470508911036 0.612501358487034 0.580971185545734 0.538309971120194 0.4849428718248 0.437814749485786 0.431225477918767 0.448584623311295 0.439236643044314 0.407094895180272 0.400648235339086 0.433870566767513 0.470278828230827 0.472581773683887 0.441737525633548 0.410201945637773 0.395097501705058 0.398490700460519 0.422345138994611 0.463323863329372
0.585773581992298 0.583213823358338 0.570651172830419 0.573737569729384 0.591310227329652 0.588382091540928 0.536408871394075 0.452545521859828 0.387112454412305 0.367232476860933 0.375611230887143 0.401627045161677 0.451104330420108 0.504153270506782 0.52786894388561 0.520731403477276 0.50947587468007 0.51090724806993 0.526449096615448 0.553589997715621 0.580808926727414 0.593728098500576 0.599521355945554 0.616305118168333 0.629517008431517 0.604656076973161 0.546803165650656 0.485282249897454 0.432227922898735 0.400218305879561 0.407438413298287 0.431546547244434 0.428036323964781 0.404713203560339 0.407984360595041 0.450214444992298 0.491482901109866 0.491618760200743 0.453042965280226 0.412367528152609 0.396267399617961 0.413310853595552 0.458576349505749 0.517857398040716
0.554193651870875 0.561181070859235 0.560316433803327 0.571678520857164 0.588166559140123 0.577343517478189 0.519290940497234 0.435456077130403 0.375840784393249 0.361365658328276 0.36444728841928 0.376689554314124 0.418623995445142 0.475055125483442 0.508861221765895 0.520359887641113 0.53293500728444 0.547238818555481 0.557672377341394 0.573784910497418 0.597754732169654 0.617285821042965 0.628269666647583 0.636839921089471 0.630983874694908 0.590299157179689 0.523590397193985 0.45466408257778 0.39987526388959 0.375457732101467 0.390078523545846 0.420128076252054 0.430803973456834 0.427605362343957 0.442720653938832 0.484052707453919 0.519353980264905 0.519330126080087 0.487254713461027 0.451650891585624 0.440345879220782 0.466055725266599 0.516600600534245 0.573129668270836
0.502993264203721 0.512785555363592 0.519200260673134 0.537503236368021 0.555712146989626 0.5451335604795 0.494822044350609 0.428918391009287 0.389733237639118 0.388572130391288 0.391589298678465 0.389346001869117 0.409947666894871 0.45063232268563 0.483739362227178 0.51126066875794 0.544323221592225 0.564380394819303 0.560336269274001 0.555119354123776 0.567547230020649 0.591494568328906 0.614385688680116 0.62851865951513 0.622264551454684 0.587921344726886 0.533145285880921 0.468429662816974 0.411095359515124 0.385721007891235 0.399934599245356 0.434262144652667 0.462327969046054 0.479100479757178 0.495206397281081 0.515469095430045 0.528655032105216 0.529495977529513 0.520431484948997 0.50584849459524 0.498937489098529 0.515020797499751 0.547076703720607 0.583205204655101
0.473909044716681 0.479250458915998 0.486076245547986 0.505414439942187 0.521483110935922 0.510613574244576 0.470323887233465 0.426744304170879 0.411677124747571 0.425859967769542 0.434295068969288 0.426369733610249 0.429097522806307 0.448456641070673 0.468989587910573 0.497260590942244 0.539506216535798 0.566530849754969 0.555725204151288 0.527611524630654 0.514120105890747 0.526068353701383 0.555079393470044 0.585249535952735 0.601668449738722 0.596765977053507 0.568786094165949 0.517514983097448 0.460157306229398 0.426309371664414 0.428690209389051 0.458705896441596 0.497244272243813 0.525915835581535 0.533723807289247 0.523628726792945 0.51038300628116 0.515424548837403 0.536344593069797 0.545380780046141 0.533912864708032 0.523122297574139 0.524903532405053 0.541104944527085
0.479843584137854 0.486411894971685 0.493397557028864 0.509907848206376 0.521218599326461 0.509585295806905 0.478065362182377 0.450555432245461 0.44687696379376 0.460545033707 0.464243064604148 0.45366767458871 0.451298178127417 0.459996188956588 0.467686436526728 0.485145861398819 0.52395697685456 0.559004019872666 0.557801015209941 0.523243886075173 0.48724815014717 0.477270260638755 0.497316677996077 0.534757321518826 0.576228098026591 0.606282971424653 0.607909666108795 0.574017623273036 0.519396269860953 0.47336973418552 0.456445449615463 0.473295747957294 0.511125420975185 0.543038905426723 0.543080607420734 0.512494124180155 0.484323173982792 0.49474420485734 0.534265381849839 0.554930869260131 0.53437131379729 0.498028504734065 0.474866731800835 0.480445556389382
0.50200363580356 0.516303991083912 0.524693391172636 0.538196437590784 0.548543354856992 0.543573416384386 0.525314731825695 0.506397576044765 0.494612897524952 0.485737119933846 0.470508934950651 0.457332268627667 0.462766263046031 0.476530900341074 0.480374453711991 0.484812487792311 0.508718834030663 0.541057143643912 0.550785113306923 0.524509645080912 0.485185442385259 0.465718270993599 0.475124103668944 0.506291541025376 0.555310242324976 0.606429888223495 0.632789875604631 0.618905141871997 0.570166334032481 0.51328591715133 0.478049002102432 0.479495339343736 0.509164484141138 0.538495980478968 0.536174844989525 0.503677834197871 0.478872855655043 0.492704470698861 0.529295342976618 0.544510649629335 0.517622085417682 0.469734543280278 0.432461707494827 0.432419492138003
0.518837758687667 0.532333643464249 0.533889891960032 0.542477419583479 0.558011961052614 0.568719480527147 0.567816893573742 0.552980586656969 0.525599944523339 0.49259575086725 0.465320473999588 0.459892114781628 0.48165574449907 0.506831183078786 0.511944908267926 0.503472392152979 0.502827953061533 0.51518166333995 0.521229939174416 0.501837800120813 0.472724475375925 0.46508404711307 0.480787528433105 0.50702839078551 0.547558622316699 0.600854327594538 0.645271211720335 0.654195962535493 0.615618463284015 0.552026805144346 0.501859900963108 0.487774206961269 0.505357191873609 0.528129811481579 0.526623777036046 0.505421607334096 0.496868339116817 0.513166955454108 0.534853042538773 0.537073751316614 0.508793900671102 0.459492154634242 0.413083628195962 0.404316640684898
0.521365843043318 0.519362700701695 0.501465104593563 0.50000951297925 0.521898040251745 0.548233646176411 0.560281802997566 0.548599573489956 0.516844151819371 0.482441886392425 0.468489611782807 0.486901829084579 0.525309992445884 0.553632225778095 0.55479243629338 0.534317911342154 0.510293511099639 0.497096675883127 0.487818489845829 0.465325610099266 0.443078667351087 0.451388073947508 0.4845854739214 0.516916321418301 0.549011460686742 0.594772859276336 0.64713727443825 0.673427270892874 0.647536710692503 0.585911468427922 0.528119544648233 0.499783491574273 0.501091870786417 0.511243335596867 0.50948835893885 0.504796338581413 0.517563911585533 0.539728059626251 0.55077253385652 0.543417961470319 0.515400442403138 0.467500291417228 0.41534909877627 0.394234891223816
0.524714176462292 0.50386737284152 0.464172323977437 0.448941842401776 0.469028718685108 0.498546489022491 0.513190851148474 0.506178581932247 0.484646814510174 0.467400925553695 0.479352859182028 0.523617052896138 0.570807145815148 0.590292475512808 0.580070753190752 0.551964154966946 0.518898138454954 0.492877787860048 0.472329436847721 0.444789626234354 0.42290217383518 0.43533538973324 0.47712174424962 0.517355236832569 0.547010636781759 0.581953150761968 0.627061637676354 0.656664364104113 0.645284573683518 0.601472566740917 0.552387727673632 0.516818589288928 0.498676136816458 0.489940995129461 0.485422775465354 0.495495151735681 0.524965743528163 0.553351529124763 0.561014317028154 0.547528157528611 0.517562829867766 0.475349094076428 0.431308232204706 0.40739860708235
